1	250	4	874965706
1	252	2	875240677
1	253	5	874965970
1	254	1	878541392
1	255	2	885345822
1	258	5	878873389
1	259	1	875692979
1	260	1	875071713
1	262	3	875071421
1	264	2	875071713
1	265	4	878542441
1	266	1	885345728
1	267	4	875692955
1	272	3	887431647
2	314	1	888980085
2	315	1	888550774
2	316	5	888979693
3	350	3	889237076
3	351	3	889237315
3	354	3	889237004
4	361	5	892002353
5	435	4	875636033
5	436	5	875720717
5	439	1	878844423
5	441	1	875720830
5	444	2	875720762
5	445	3	875720744
5	453	1	879198898
5	454	1	875721432
5	457	1	879198898
6	515	4	883599273
6	517	4	883602212
6	518	3	883603042
6	521	4	883601277
6	523	5	883601528
6	524	3	883600632
6	525	5	883601203
6	526	3	883602596
6	528	4	883602174
6	532	3	883600066
6	534	4	883599354
7	647	5	891352489
7	648	5	891351653
7	650	3	891350965
7	653	4	891351161
7	654	5	892135347
7	657	4	891351234
7	658	3	891352419
7	659	5	891351161
7	661	5	891351624
7	662	3	892133739
7	667	5	892135347
7	669	1	892132020
7	673	3	891353744
7	674	2	891352659
7	675	5	891352947
7	676	3	891354499
7	680	4	891350703
7	681	1	891350594
7	683	4	891350703
8	686	3	879362356
8	687	1	879361825
8	689	4	879361873
9	691	5	886960055
10	698	4	877888877
10	702	3	877886722
10	703	5	877892110
10	704	3	877892050
10	705	4	877892050
10	706	4	877888677
10	710	4	877892160
10	711	4	877888812
10	712	4	877892438
11	739	3	891906411
11	740	4	891903067
11	741	5	891902745
11	743	2	891904065
11	744	4	891903005
11	746	4	891905032
11	751	2	891902092
11	752	4	891902157
12	735	5	879960826
12	753	5	879960679
12	754	4	879958810
13	860	1	882396984
13	861	3	882139774
13	864	4	882141924
13	866	3	882141814
13	868	5	882139901
13	869	3	882141727
13	874	5	881514876
13	875	1	881515613
13	876	2	881515521
13	877	2	882140792
13	878	1	883670785
13	885	1	886302334
13	887	5	882140867
13	888	2	886261388
13	890	1	883670672
13	892	3	882774224
13	894	1	883670742
13	898	1	884538403
13	901	1	883670672
13	906	3	891749765
13	907	1	884538485
13	908	1	886302385
13	910	2	890704721
13	912	2	892014861
13	913	1	892014908
13	915	5	892015023
13	918	3	892524090
14	709	5	879119693
14	716	5	879119651
14	792	5	879119651
14	813	2	880929564
14	845	3	880929564
14	922	4	880929651
15	924	3	879456204
15	929	1	879456168
15	932	1	879456465
15	933	1	879456447
15	937	4	879455128
16	693	4	877721905
16	705	5	877722736
16	735	3	877720186
16	761	2	877727192
16	812	2	877723882
16	940	2	877721236
16	942	4	877719863
16	944	1	877727122
17	744	3	885272606
18	950	3	880130764
18	953	3	880131901
18	954	3	880130640
18	955	4	880130713
18	960	4	880131004
18	961	3	880131830
18	964	3	880132252
18	965	4	880132012
18	966	2	880132399
18	968	3	880130155
18	970	3	880131591
18	971	4	880131878
19	692	3	885412840
20	678	4	879667684
20	742	4	879668166
20	931	1	879668829
21	930	1	874951482
21	931	2	874951446
21	948	1	874951054
21	974	3	874951416
21	977	2	874951416
21	979	2	874951416
21	982	1	874951482
21	985	2	874951349
21	995	2	874950932
22	871	3	878886750
22	878	1	878887598
22	948	1	878887553
22	997	1	878887377
22	999	4	878886902
22	1001	1	878886647
23	662	3	874788045
23	705	4	874785526
23	710	4	874785889
23	739	2	874787861
23	747	3	874786903
23	1005	3	874787647
23	1006	3	874785809
24	662	5	875323440
24	742	4	875323915
24	763	5	875322875
25	633	4	885852301
25	729	4	885852697
25	742	4	885852569
25	969	3	885852059
26	979	3	891383899
26	1008	3	891377609
26	1009	2	891384478
26	1015	3	891352136
26	1016	3	891377609
27	925	3	891543245
27	978	2	891543222
28	665	3	881961782
28	678	2	882826550
28	800	4	881961904
28	895	4	882826398
29	874	4	882821020
29	1018	4	882821989
30	1007	5	885941156
30	1013	3	875060334
31	705	5	881548110
31	886	2	881547877
32	1012	4	883717581
32	1016	1	883718121
33	895	3	891964187
34	690	4	888602513
35	1025	3	875459237
36	883	5	882157581
36	885	5	882157581
37	685	3	880915528
37	948	4	880915407
38	780	4	892434217
38	838	2	892433680
38	916	5	892428188
38	1014	5	892429542
38	1030	5	892434475
38	1034	1	892433062
39	900	3	891400159
40	754	4	889041790
40	880	3	889041643
41	518	3	890687412
41	746	3	890687019
41	751	4	890686872
42	977	2	881106541
42	999	4	881108982
42	1028	4	881106072
42	1040	3	881106270
42	1041	4	881109060
42	1043	2	881108633
42	1044	4	881109271
42	1045	2	881108873
42	1049	3	881105882
42	1051	4	881106270
43	879	4	876159838
43	931	1	884029742
43	944	2	883956260
43	946	4	883955247
43	950	3	883956417
43	951	3	883955969
43	956	1	883956259
43	966	4	883955498
43	993	3	875975211
43	1053	3	883955859
43	1057	2	884029777
44	588	4	878347742
44	603	4	878347420
44	644	3	878347818
44	660	5	878347915
44	665	1	883613372
44	717	3	878346470
44	755	3	878347742
44	1058	4	878347392
45	1060	3	881012184
45	1061	2	881016056
46	1024	5	883614766
46	1062	5	883614766
47	995	3	879440429
48	661	5	879434954
48	680	3	879434330
48	690	4	879434211
48	988	2	879434387
49	931	2	888068336
49	959	2	888068912
49	995	3	888065577
49	998	2	888069194
49	1003	2	888068651
49	1009	3	888066133
49	1068	3	888066187
49	1070	3	888068739
49	1076	2	888067187
49	1078	1	888067164
49	1082	3	888066214
50	823	3	877052784
50	1084	5	877052501
51	679	3	883498937
52	845	5	882922485
52	1009	5	882922328
52	1086	4	882922562
53	845	3	879443083
53	924	3	879443303
54	871	5	880938547
54	1012	2	880936669
54	1016	4	890609001
54	1088	3	880937311
55	1016	1	878176005
55	1089	1	878176134
56	769	4	892679389
56	797	4	892910860
56	815	4	892683960
56	849	2	892910913
56	869	3	892683895
56	993	3	892683353
56	1036	2	892910544
56	1047	4	892911290
56	1090	3	892683641
56	1092	3	892911573
57	1047	4	883697679
57	1059	3	883697432
57	1071	3	883698324
57	1093	3	883697352
57	1094	2	883697990
57	1095	2	883698062
58	1097	5	884504973
58	1098	4	884304936
58	1099	2	892243079
58	1100	2	884304979
58	1102	1	892242891
58	1103	5	884305150
58	1104	2	884305679
58	1106	4	892068866
59	928	4	888203449
59	931	2	888203610
59	951	3	888206409
59	972	4	888206125
59	974	3	888203343
59	1009	4	888203095
59	1028	1	888203900
59	1047	2	888203371
59	1065	5	888205188
59	1107	4	888206254
59	1108	3	888204877
59	1109	3	888205088
59	1110	4	888206363
59	1113	4	888205855
59	1116	3	888206562
59	1117	4	888203313
59	1118	2	888206048
60	729	4	883327975
60	751	2	883325421
60	810	4	883327201
60	842	4	883327175
60	1020	4	883327018
60	1021	5	883326185
60	1123	4	883327997
60	1124	4	883326652
60	1126	4	883327174
61	1127	4	891206274
62	955	4	879374072
62	1012	3	879372633
62	1016	4	879373008
62	1060	1	879373007
62	1073	4	879374752
62	1074	4	879376299
62	1107	1	879376159
62	1118	3	879375537
62	1128	2	879372831
62	1131	3	879375247
62	1136	3	879375977
63	1009	4	875747731
63	1011	1	875747731
63	1028	3	875748198
63	1067	3	875747514
63	1137	5	875747556
64	736	4	889739212
64	746	5	889739138
64	778	5	889739806
64	879	3	879365313
64	898	2	889737106
64	959	4	889739903
64	1063	3	889739539
64	1133	4	889739975
64	1139	1	889740260
64	1141	5	889739834
65	736	4	879216949
65	806	4	879216529
65	1129	4	879217258
65	1142	4	879217349
66	742	5	883601388
66	877	1	883601089
67	1093	5	875379419
67	1095	4	875379287
68	1028	4	876974430
68	1047	1	876974379
69	1017	5	882126156
69	1134	5	882072998
69	1143	5	882072998
70	746	3	884150257
70	751	4	884063601
70	762	3	884066399
70	1035	3	884066399
70	1065	4	884149603
70	1133	3	884151344
71	475	5	877319330
71	923	5	885016882
72	581	4	880036996
72	603	4	880037417
72	644	4	880036602
72	679	2	880037164
72	699	3	880036783
72	866	4	880035887
72	1110	3	880037334
73	657	5	888625422
73	923	3	888793388
73	1073	4	888625753
73	1149	4	888626299
74	333	4	888333238
74	1084	3	888333542
75	1017	5	884050502
75	1047	3	884050979
75	1150	4	884050705
75	1151	2	884050829
76	1007	4	875312109
76	1129	5	875028075
76	1156	3	879576233
76	1158	4	875028190
77	518	4	884753202
77	523	5	884752582
77	778	2	884753203
77	1028	1	884733400
78	1160	5	879634134
79	1008	4	891271982
79	1017	3	891271697
79	1161	2	891271697
80	699	3	887401533
80	886	4	883605238
81	824	3	876534437
81	926	3	876533824
81	1028	1	876534277
82	919	3	876311280
82	1001	1	878769138
82	1028	2	876311577
82	1033	1	884714560
82	1101	4	878770169
82	1126	4	878770169
82	1134	2	884714402
82	1162	1	884714361
82	1164	2	878768790
83	929	3	880307140
83	932	4	881971414
83	977	3	880307382
83	1028	4	880307207
83	1035	4	880308959
83	1043	3	880308807
83	1101	2	880308256
83	1165	2	883868300
84	879	4	883449530
84	1033	4	883452711
84	1040	3	883452630
85	1009	2	879453093
85	1021	3	882995490
85	1065	3	879455021
85	1074	3	882996039
85	1098	4	879828912
85	1101	4	879454046
85	1131	4	879454111
85	1137	4	879452609
85	1149	3	886283002
85	1153	4	879454751
85	1167	3	879829209
85	1168	3	882995908
85	1169	4	879454952
86	889	5	879570973
86	1175	5	879570973
87	1072	3	879876610
87	1074	3	879876813
87	1079	2	879877240
87	1089	3	879876225
87	1182	3	879877043
87	1183	3	879875995
87	1184	3	879876074
87	1187	2	879875893
87	1189	5	879877951
87	1190	4	879876336
88	904	5	891037276
89	936	5	879461219
89	949	3	879460027
89	952	2	879441400
89	1048	3	879460027
90	971	4	891385250
90	995	4	891382708
90	1020	5	891384997
90	1048	4	891385132
90	1086	4	891384424
90	1101	4	891384570
90	1109	3	891385652
90	1125	4	891384611
90	1193	4	891384789
90	1194	4	891383718
90	1197	4	891384476
90	1198	5	891383866
90	1200	4	891384066
90	1206	2	891383912
91	682	2	891438184
91	683	3	891438351
91	689	5	891438617
91	748	2	891438314
91	1050	3	891439414
92	961	4	875811128
92	963	5	875652981
92	977	2	886443494
92	986	2	890251716
92	1012	4	886443231
92	1014	3	890251484
92	1016	2	875640582
92	1033	2	890251592
92	1041	3	875907675
92	1047	1	875644796
92	1049	1	890251826
92	1079	3	886443455
92	1095	2	886443728
92	1142	4	886442422
92	1207	3	875907179
92	1209	1	875660468
92	1212	3	876175626
92	1213	2	875907079
92	1215	2	890251747
93	820	3	888705966
93	845	4	888705321
94	1004	3	891723593
94	1028	2	891723395
94	1032	2	891723807
94	1044	4	891722555
94	1048	4	891722678
94	1074	2	891723427
94	1089	2	891724829
94	1119	4	891723261
94	1147	4	886008354
94	1153	4	891721777
94	1199	3	891724798
94	1206	3	891723593
94	1210	3	891723558
94	1217	3	891723086
94	1220	3	891722678
94	1223	4	891721494
94	1224	3	891722802
94	1226	4	891724081
95	787	2	888954930
95	791	3	880572449
95	843	4	880572448
95	862	1	884266100
95	878	1	881599623
95	976	2	879195703
95	1018	3	879198946
95	1090	1	888956869
95	1206	4	888956137
95	1217	3	880572658
95	1219	1	888956489
95	1229	2	879198800
95	1230	1	888956901
96	673	4	884402860
96	1154	5	884403993
96	1232	5	884404017
97	655	5	884238860
97	661	5	884238817
97	670	5	884239744
98	745	3	880498935
98	938	3	880498624
99	895	3	885678304
99	926	3	885679437
99	963	3	885679998
99	978	3	885679382
99	1016	5	885678724
99	1052	1	885679533
99	1067	4	885679437
99	1119	4	885680348
100	990	3	891375428
100	1236	3	891375630
100	1238	2	891375068
101	1051	2	877136891
101	1057	2	877136789
101	1093	1	877136360
102	810	2	888802508
102	823	3	888801465
102	827	2	888802722
102	831	2	888802508
102	840	2	888802508
102	866	2	892993545
102	930	2	888802677
102	986	1	888802319
102	1025	2	883278200
102	1030	1	892994075
102	1239	2	888802319
103	471	4	880416921
103	527	5	880416238
104	1011	3	888465201
104	1016	1	888466002
104	1017	1	888465634
104	1226	3	888465347
104	1241	1	888465379
105	752	3	889214406
106	828	2	883876872
106	923	4	881453355
106	956	3	881453290
106	1115	4	883876833
107	340	5	891264356
108	471	2	879880076
108	515	5	879879941
109	975	3	880572351
109	1011	3	880571872
109	1012	4	880564570
109	1013	3	880572296
109	1014	4	880571979
109	1023	2	880572350
109	1028	4	880571831
109	1039	2	880579418
109	1157	4	880583646
109	1244	3	880571872
110	1179	2	886989501
110	1188	4	886988818
110	1206	3	886988321
110	1246	2	886989613
110	1248	3	886989126
110	1250	3	886988818
111	896	2	891680243
111	1024	3	891679939
112	754	4	884992508
112	903	1	892440172
112	984	3	884992651
113	976	5	875936424
113	1252	4	875935610
114	640	2	881260303
114	654	3	881259741
114	1104	5	881260352
115	952	5	881170998
115	969	1	881172183
115	1008	5	881171982
115	1067	4	881171009
115	1073	5	881171488
116	1016	2	876453376
116	1082	3	876453171
116	1089	2	876453376
116	1216	3	876452582
116	1253	2	876454109
116	1257	1	876452651
117	1014	3	886021192
117	1016	5	881008815
117	1047	2	881009697
117	1057	2	881010401
117	1095	3	881010938
118	774	5	875385198
118	816	3	875385335
118	853	5	875385228
119	1153	5	874781198
119	1160	5	887038711
119	1170	3	890627339
119	1197	4	886176922
119	1202	4	874775680
119	1259	3	874780996
119	1261	4	874781198
119	1262	3	890627252
119	1263	3	886177338
120	546	2	889490979
120	924	4	889490290
121	515	4	891388391
121	631	4	891387992
121	740	3	891390544
122	737	4	879270874
122	792	3	879270459
122	1268	2	879270711
123	735	2	879872868
123	847	4	879873193
123	962	3	879872405
124	616	4	890287645
125	1000	3	892838977
125	1036	2	892839191
125	1052	2	892839457
125	1060	4	879454699
125	1074	3	892838827
125	1093	1	892839412
125	1180	3	892838865
125	1183	2	892839312
125	1249	3	892838322
125	1272	1	879454892
126	884	5	887938392
126	905	2	887855283
126	1175	5	887856958
127	450	5	884364950
127	748	5	884364108
128	763	4	879968718
128	785	2	879968243
128	790	4	879969277
128	949	4	879968896
128	965	3	879968279
128	966	4	879968071
128	1039	4	879967079
128	1063	2	879967047
128	1141	4	879968827
129	873	1	883245452
129	995	2	883245452
130	975	5	876251357
130	993	5	874953665
130	1014	3	876250718
130	1016	4	874953698
130	1017	3	874953895
130	1047	5	875801897
130	1049	3	876251341
130	1136	4	876252373
130	1207	1	880396861
130	1208	4	875802211
130	1215	2	876251389
130	1217	4	875801778
130	1228	3	878537681
130	1246	3	876252497
130	1248	3	880396702
130	1273	2	880396792
130	1274	2	878537853
130	1277	4	876250897
131	845	4	883681351
131	1281	4	883681561
132	922	5	891278996
133	751	3	890588547
134	879	4	891732393
134	892	2	891732532
135	939	4	879857797
135	943	3	879857931
135	1046	3	879858003
135	1208	3	879858003
136	847	4	882693371
136	1142	4	882693569
137	546	5	881433116
137	597	5	881432987
137	687	4	881432756
138	523	5	879024043
138	614	4	879024184
138	617	4	879024128
139	508	4	879538255
140	872	3	879013651
140	880	4	879013832
141	932	3	884585128
141	1013	1	884585470
141	1059	1	884584886
141	1142	1	884584688
141	1258	4	884585071
142	362	3	888639920
142	895	4	888640143
143	682	3	888407741
144	960	2	888105784
144	961	3	888106106
144	1016	3	888104322
144	1039	4	888105587
144	1142	5	888103968
144	1147	4	888105587
144	1169	4	888106044
144	1284	3	888104446
144	1285	3	888105922
144	1286	4	888105846
145	1001	4	875271607
145	1002	1	888398400
145	1040	1	888398492
145	1054	1	888398563
145	1057	1	875271312
145	1077	3	875272245
145	1090	2	888398833
145	1102	1	888398162
145	1208	4	875272196
145	1212	2	875272196
145	1217	2	875272349
145	1245	5	875271397
145	1248	3	875272195
145	1292	1	875271357
146	1294	4	891457749
147	904	5	885594015
148	993	4	877400154
148	1012	4	877400154
148	1039	2	877015784
148	1149	5	877016513
149	689	2	883512950
149	896	4	883512689
150	458	4	878746720
150	475	5	878746764
150	628	4	878747018
151	929	3	879543457
151	969	5	879542510
151	972	4	879543366
151	1006	1	879524974
151	1017	2	879542939
151	1044	2	879524900
151	1065	3	879542413
151	1074	2	879543342
151	1101	4	879524586
151	1109	4	879542414
151	1113	4	879542891
151	1197	5	879542753
151	1264	4	879542389
151	1297	1	879542847
151	1298	4	879528520
152	866	5	880149224
152	966	5	882829150
152	1014	2	880149224
152	1028	5	880149197
153	678	2	881370935
154	640	5	879138713
154	708	4	879139003
154	806	4	879139040
155	748	2	879371261
155	988	2	879371261
156	641	5	888185677
156	661	4	888185947
157	1258	5	886891132
157	1283	2	886891173
157	1302	5	874813703
158	729	3	880133116
158	731	2	880135118
158	770	5	880134477
158	803	3	880134848
158	809	3	880134675
158	825	4	880133029
158	1011	4	880132579
158	1098	4	880135069
159	1025	2	893256139
159	1028	5	880557539
159	1037	2	884360502
159	1190	5	881680199
160	926	2	876769148
160	969	1	876861185
160	1016	4	876767440
160	1019	5	876857977
160	1073	4	876859778
160	1223	4	876861799
161	654	3	891171357
161	898	3	891170191
161	1266	2	891170745
162	1012	4	877635965
162	1019	4	877636556
162	1047	5	877635896
163	347	4	891219976
164	930	4	889402340
164	984	4	889401456
164	1025	4	889401510
165	419	4	879525706
165	651	5	879525961
166	894	4	886397905
167	1306	5	892738385
167	1307	2	892738277
167	1309	1	892738341
167	1310	3	892738384
168	1016	5	884287615
168	1047	2	884288080
168	1197	5	884287927
168	1278	3	884287560
169	705	5	891359354
169	879	5	891268653
170	881	3	886190419
171	1022	3	891034889
172	1134	2	875536721
172	1172	3	875538864
173	938	3	877557076
173	1265	3	877557239
174	1028	4	886434087
174	1032	3	886515591
174	1033	1	886515591
174	1041	5	886513788
174	1053	5	886514358
174	1139	2	886514651
174	1230	1	886515210
174	1254	1	886434421
174	1312	4	886434484
175	660	3	877107836
175	669	1	877107790
176	875	4	886047442
176	948	4	886047595
176	1012	4	886048145
177	878	1	882142141
177	919	4	880130736
177	948	2	882141918
177	960	3	880131161
177	1039	3	880130807
177	1067	4	880131201
178	877	2	888513069
178	895	3	884836516
178	926	4	882824671
178	978	2	882824983
178	984	2	882823530
178	1004	4	882827375
178	1012	4	884837364
178	1035	4	882828350
178	1051	3	885784583
178	1169	4	882827134
178	1283	3	885784558
178	1300	3	886678518
179	905	4	892151331
179	1316	3	892151489
180	762	4	877126241
180	1119	3	877128156
180	1131	5	877441985
181	1364	1	878962464
181	1367	2	878962086
181	1369	1	878962199
181	1370	1	878962550
181	1371	1	878962240
181	1373	1	878962052
181	1374	1	878962391
181	1375	1	878962586
181	1376	1	878963167
181	1377	1	878962496
181	1378	1	878962169
181	1379	1	878962168
181	1383	1	878962086
181	1384	1	878962052
181	1385	1	878962051
181	1386	1	878962119
181	1387	1	878962119
181	1388	1	878962168
181	1390	1	878962052
181	1392	1	878961749
181	1393	1	878961709
181	1395	1	878961847
182	845	3	885613067
182	864	4	885613092
183	562	3	891467003
183	720	4	892323453
183	1217	3	891466405
184	995	3	889907044
184	1006	3	889910078
184	1010	4	889907896
184	1012	3	889907448
184	1020	4	889908630
184	1136	4	889912890
184	1137	5	889907812
184	1195	3	889909934
184	1232	3	889910123
184	1396	4	889913490
184	1397	3	889910233
184	1398	5	889911749
185	638	4	883524364
185	740	4	883524475
185	939	3	883524249
186	977	3	879023273
186	983	3	879023152
186	988	4	891719775
186	1253	4	891719774
186	1277	4	879023677
187	747	4	879465882
187	792	5	879465340
187	1119	3	879465683
188	732	3	875073828
188	769	2	875074720
188	792	2	875075062
188	864	2	875072148
188	930	4	875074720
188	1213	2	875074847
189	1021	5	893266251
189	1060	5	893264301
189	1098	4	893265506
189	1099	5	893266074
189	1115	4	893264270
189	1117	5	893264678
189	1372	4	893264429
189	1403	4	893265921
190	974	2	891625949
190	977	2	891042938
190	1313	2	891033445
191	754	3	891560366
191	896	3	891562090
192	1160	4	881367456
192	1405	5	881367456
193	928	2	889126609
193	941	4	889124890
193	1078	4	889126943
193	1132	3	889127660
193	1258	3	889123806
193	1406	4	889123926
194	780	2	879527865
194	792	4	879524504
194	808	2	879527999
194	941	2	879552569
194	946	3	879527514
194	951	3	879525761
194	971	3	879551049
194	1028	2	879541148
194	1058	2	879552923
194	1093	3	879540807
194	1183	2	879554453
194	1206	1	879554453
194	1211	2	879551380
194	1220	3	879524790
194	1409	2	879552662
195	1084	4	888737345
195	1089	4	883295540
195	1228	1	876632600
195	1417	3	877246560
195	1418	4	891762646
196	692	5	881252017
196	1118	4	881252128
197	770	3	891410082
197	779	2	891410170
197	808	3	891409893
197	849	3	891410124
197	880	3	891409387
197	1228	4	891410124
197	1419	2	891410124
198	660	4	884208624
198	692	2	884208377
198	746	4	884207946
198	748	2	884204577
198	1014	2	884206330
198	1094	1	884206807
198	1117	3	884205252
198	1169	4	884208834
199	948	1	883782655
199	988	1	883782655
199	989	1	883782509
200	820	3	884127370
200	831	4	891825565
200	840	4	876042525
200	892	4	884127082
200	929	4	876042979
200	1033	2	891825441
200	1049	3	876042922
200	1060	3	876042340
200	1139	3	884130484
200	1228	4	884130721
200	1411	3	884130289
201	1039	3	884111599
201	1063	3	884113453
201	1065	3	884113490
201	1098	2	884112747
201	1100	4	884112800
201	1153	2	884140709
201	1163	1	884140382
201	1169	4	884141053
201	1187	3	884112201
201	1194	4	884111899
201	1211	3	884113806
201	1220	2	884140975
201	1227	1	884140787
201	1229	3	884140307
201	1245	4	884141015
201	1424	3	884113114
201	1425	3	884111637
201	1427	2	884113975
202	604	5	879727058
203	336	3	880433474
203	471	4	880434463
203	619	3	880434438
204	1022	5	892392078
204	1194	4	892513906
204	1281	2	892513979
205	678	1	888284618
205	984	1	888284710
206	1127	4	888180081
206	1313	1	888179981
206	1394	1	888179981
206	1430	1	888179980
207	1115	2	879664906
207	1118	3	878104017
207	1147	4	879665042
207	1197	4	881681663
207	1226	2	882081278
207	1242	5	884386260
207	1283	4	884386260
207	1350	2	877878772
207	1378	3	877878714
207	1436	3	878191574
208	524	4	883108745
208	662	4	883108842
208	663	5	883108476
209	1105	2	883589568
209	1137	4	883417491
210	679	3	887808619
210	692	4	887736796
210	722	4	891036021
210	735	4	887737338
210	751	4	890059441
210	864	3	887730842
210	953	3	887737488
211	687	2	879437184
211	876	2	879461395
212	515	4	879303571
213	692	4	878955848
213	715	5	878955915
213	735	5	878955474
213	778	5	878955680
213	841	4	878871010
213	1215	1	878871089
214	856	4	891543952
214	872	2	891542492
214	952	3	891543176
214	1039	4	891544269
214	1065	5	892668173
214	1129	4	892668249
214	1401	4	891544290
215	450	2	891436470
215	451	3	891436369
215	474	4	891435022
215	483	4	891435022
215	1039	5	891436543
216	928	3	880233026
216	1010	3	880232685
216	1035	1	880245238
216	1047	3	881428365
216	1101	4	880235473
216	1161	4	881432609
217	840	1	889070087
217	1222	1	889070050
217	1228	2	889070050
217	1303	2	889069944
218	762	4	877489091
218	789	3	881288574
219	882	3	889386741
219	935	3	889387237
220	343	3	881198738
220	682	4	881198014
221	1073	4	875245846
221	1134	4	875244289
221	1210	3	875246887
221	1218	3	875246745
221	1250	2	875247855
221	1314	3	875247833
221	1407	3	875247833
222	1029	1	881060608
222	1041	3	881060155
222	1042	4	878184514
222	1044	4	881060578
222	1053	3	881060735
222	1054	1	883816441
222	1057	4	881061370
222	1059	1	883816150
222	1078	2	878183449
222	1089	1	877563659
222	1179	1	881060550
222	1207	2	881060659
222	1226	4	883815840
222	1239	2	881060762
222	1267	3	878183173
222	1284	4	878184422
222	1419	1	878184947
222	1438	4	881059993
223	975	1	891550094
223	977	2	891550295
223	1014	4	891549975
223	1150	2	891549841
223	1197	3	891549570
223	1300	1	891550470
224	1053	3	888104281
224	1085	1	888104393
224	1119	3	888082634
224	1163	2	888104154
224	1208	1	888104554
224	1212	2	888104457
224	1441	3	888104522
224	1442	3	888104281
225	492	4	879539767
225	1443	4	879540778
226	480	4	883888853
226	1117	3	883890262
227	1008	4	879036009
227	1010	3	879035637
227	1017	4	879035464
228	690	5	889387173
228	886	1	889387173
229	750	2	891631948
229	875	1	891632402
230	926	3	880485489
230	963	5	880484370
230	969	4	880484476
230	1050	3	880485136
230	1192	4	880485352
230	1444	2	880485726
231	846	4	888605274
231	924	5	888605273
232	708	4	888550060
232	747	3	888549957
232	919	3	888550036
232	921	4	888549929
232	1128	2	888549907
233	654	4	877665191
233	806	4	880610396
233	923	4	877664010
233	958	5	875508372
233	1194	5	880190371
234	1078	2	892336322
234	1123	3	892335342
234	1126	4	892079722
234	1149	3	892318060
234	1172	3	892079076
234	1184	2	892079237
234	1186	4	892335707
234	1198	3	892335187
234	1263	3	892335142
234	1298	3	892079373
234	1397	4	892334976
234	1400	3	892334400
234	1451	3	892078343
234	1454	3	892336257
234	1455	2	892318158
234	1456	4	892335142
234	1457	3	892079538
234	1458	4	892336165
234	1459	3	892335261
234	1462	3	892333865
234	1463	5	892333573
235	792	4	889655490
235	898	3	889654553
235	1119	3	889655550
235	1149	4	889655595
235	1464	4	889655266
236	735	5	890116599
236	756	1	890117353
236	864	2	890117073
236	1013	2	890117465
236	1102	4	890117488
236	1328	4	890116132
237	528	5	879376606
237	603	5	879376773
237	1192	5	879376553
238	815	2	883576398
238	1190	3	883576603
239	954	5	889179253
239	1020	3	889180920
239	1056	5	889180041
239	1070	5	889179032
239	1099	5	889179253
239	1192	1	889180949
239	1203	5	889180040
239	1245	5	889181092
240	898	5	885775770
241	880	5	887249889
241	887	4	887249685
242	1357	5	879741196
243	1039	4	879988184
243	1281	5	879989217
243	1368	2	879987909
243	1466	3	879988104
244	955	4	880606593
244	1017	4	880604583
244	1039	4	880607570
244	1045	5	880602132
244	1047	2	880605264
244	1048	4	880606567
244	1054	3	880609089
244	1074	4	880607904
244	1098	5	880605578
244	1107	2	880608699
244	1178	3	880608134
244	1209	3	880608315
244	1225	2	880606818
245	1028	5	888513447
246	895	5	884924976
246	919	4	884920949
246	930	2	884924764
246	932	1	884923864
246	1073	4	884921380
246	1101	5	884921380
246	1218	3	884922801
246	1222	3	884923372
246	1232	1	884923425
247	736	5	893097024
247	751	3	893081411
248	589	4	884534968
248	678	3	884534419
248	854	5	884534735
248	928	3	884536117
249	746	5	879641209
249	748	3	879571586
249	826	1	879640481
249	919	5	879572668
249	930	2	879640585
249	993	3	879571779
249	1016	3	879571752
249	1103	5	879572256
250	813	5	878089581
250	948	3	878089182
250	969	5	878092002
250	1014	4	883263439
250	1137	5	878090066
250	1161	4	883263375
251	748	2	886272175
251	866	2	886272514
251	1014	5	886272486
251	1028	3	886272585
252	742	4	891455743
253	705	5	891628598
253	742	4	891628535
253	746	3	891628630
253	747	3	891628501
253	806	4	891628181
254	755	3	886473489
254	843	2	886474807
254	892	3	886470904
254	951	4	886474619
254	967	3	886472139
254	1116	3	886473448
254	1133	3	886475682
254	1444	3	886475558
255	879	3	883215660
255	976	1	883217030
255	984	1	883215902
255	1034	1	883217030
256	1040	3	882152604
256	1057	2	882163805
256	1061	4	882153321
256	1086	5	882150943
256	1090	2	882164999
256	1119	3	882165032
256	1207	3	882164999
256	1210	5	882164999
256	1231	3	882164603
256	1289	4	882150552
257	1008	5	882050187
257	1260	2	880496892
257	1462	5	879547695
258	873	5	885701062
258	893	1	885701099
259	772	4	874724882
259	959	4	888720593
260	1025	5	890618729
260	1105	5	890618729
261	1025	5	890455190
261	1237	3	890454045
262	929	3	879791031
262	931	2	879790874
262	949	4	879792773
262	1048	2	879791335
262	1054	2	879791536
262	1147	4	879791710
262	1220	4	879794296
262	1278	4	879961819
263	678	2	891297766
263	886	2	891297484
263	892	3	891297766
263	921	3	891298727
263	1444	3	891299949
263	1451	4	891299949
263	1473	5	891299877
264	813	4	886122952
264	844	1	886124097
264	1069	5	886123728
264	1103	5	886123656
264	1225	3	886123530
264	1270	2	886122194
265	742	5	875320542
265	934	3	875320574
266	874	2	892257101
267	780	4	878973250
267	824	4	878970953
267	840	4	878970926
267	943	4	878972903
267	980	3	878970578
267	1073	5	878974783
267	1401	4	878971816
267	1471	2	878974509
268	949	2	875743909
268	955	3	875745160
268	978	2	876513927
268	998	1	875743929
268	1002	1	875743216
268	1035	2	875542174
268	1041	1	875743735
268	1059	3	875743310
268	1065	4	875310824
268	1079	3	875742916
268	1090	2	875745536
268	1095	2	876513927
268	1157	1	875745428
268	1249	2	875743793
268	1477	2	875742680
269	961	5	891457067
269	985	3	891446443
269	998	5	891451548
269	1014	3	891446838
269	1020	4	891449571
269	1028	2	891446838
269	1065	5	891447891
269	1071	2	891449801
269	1091	2	891451705
269	1101	4	891448120
269	1133	1	891451374
269	1154	3	891449608
269	1165	1	891446904
269	1168	2	891448386
269	1438	3	891448522
269	1480	1	891451725
270	800	5	876956106
270	872	5	876953827
270	1014	4	876954062
270	1119	5	876955729
270	1148	5	876955042
270	1210	5	876956264
270	1471	4	876956264
271	744	4	885847693
271	750	4	885844698
271	823	3	885848237
271	866	4	885848132
271	882	3	885844547
271	951	2	885849606
271	1028	2	885848102
271	1091	4	885849648
271	1101	4	885849025
271	1133	3	885849536
271	1139	3	885849707
271	1266	2	885848943
272	1101	5	879454977
272	1393	2	879454663
273	902	5	891293008
274	742	4	878945322
274	748	5	878944406
274	815	3	878945763
274	845	5	878945579
275	930	3	876197904
275	946	3	875154535
275	969	2	880314412
275	1066	3	880313679
275	1091	2	875154535
276	1073	3	874795613
276	1081	3	880913705
276	1089	2	882659211
276	1091	3	874793035
276	1095	1	877935135
276	1110	3	874977474
276	1129	4	874786876
276	1131	3	874796116
276	1135	4	874791527
276	1157	2	874795772
276	1172	4	882659550
276	1180	2	877935306
276	1210	2	877934988
276	1218	4	874792040
276	1220	4	874791048
276	1228	1	874977422
276	1239	1	874977512
276	1240	4	874977579
276	1253	1	874795729
276	1274	1	874977513
276	1314	3	874796412
276	1416	3	874792634
276	1471	2	877934947
276	1478	3	889174849
277	872	3	879543768
277	1011	3	879543697
277	1197	4	879543768
278	525	5	891295330
278	603	5	891295330
279	1240	1	892174404
279	1247	2	875659924
279	1271	4	875659999
279	1291	4	875297708
279	1312	3	890780962
279	1336	1	875298353
279	1376	4	886016680
279	1411	3	884556545
279	1413	5	875314434
279	1428	3	888465209
279	1484	3	875307587
279	1487	1	875314076
279	1489	3	891208884
279	1492	4	888430806
279	1493	1	888465068
279	1495	4	889984565
279	1497	2	890780576
279	1498	4	891208884
279	1500	5	875306613
279	1501	1	889231898
280	1015	3	891701631
280	1028	5	891702276
280	1047	3	891701897
280	1049	2	891702486
280	1060	3	891701278
280	1168	5	891702544
280	1181	2	891700496
280	1313	5	891700184
280	1401	5	891700881
280	1459	4	891701747
280	1478	4	891701090
280	1479	3	891702457
281	989	2	881200789
282	338	3	879949468
282	879	2	879949504
283	845	4	879297442
283	1114	5	879297545
283	1487	2	879297867
284	887	4	885328906
284	906	3	885328836
285	682	4	890595524
285	902	4	890595584
286	1113	3	877534107
286	1118	1	889652989
286	1140	3	877533586
286	1182	2	877535288
286	1194	4	877533640
286	1202	3	876522185
286	1230	1	877535157
286	1265	5	884069544
286	1286	5	877532683
286	1316	5	884583549
286	1411	2	877535425
286	1503	3	877534107
286	1504	4	877534903
287	591	5	875334293
287	748	4	875333873
287	926	4	875334340
287	1016	5	875334430
288	742	3	886893063
288	887	5	886372155
288	900	5	886372155
288	1039	2	886373565
289	926	3	876790611
289	1016	5	876789843
290	755	4	880475218
290	818	3	880732656
290	826	2	880732271
290	832	3	880732491
290	1013	2	880732131
290	1028	3	880732365
290	1091	2	880475735
290	1336	3	880733010
291	1188	4	874835165
291	1206	3	874871551
291	1210	4	875087656
291	1213	3	874871655
291	1215	1	874834184
291	1219	4	875087221
291	1239	2	874835279
291	1244	4	874834345
291	1253	3	874834944
291	1273	2	875087634
291	1376	3	874834323
291	1471	3	874834914
291	1505	4	874868647
292	705	4	881105374
292	855	5	881105373
292	919	5	881103508
292	1010	4	881104581
292	1014	3	881104424
292	1039	4	881105778
292	1050	4	881105778
293	924	2	888904814
293	931	1	888905252
293	943	2	888906576
293	977	2	888908088
293	1011	3	888905146
293	1017	3	888904862
293	1042	3	888907575
293	1046	1	888907061
293	1057	2	888905229
293	1098	2	888905519
293	1101	3	888906677
293	1132	3	888905416
293	1147	4	888907081
293	1161	2	888905062
293	1217	1	888907913
293	1220	2	888907552
293	1226	3	888905198
293	1267	3	888906966
294	1013	2	889242788
294	1016	4	877820189
294	1067	4	877819421
294	1132	4	889242788
294	1161	3	877819673
294	1199	2	889242142
294	1245	3	877819265
295	1115	5	879518568
295	1133	4	879519528
295	1135	4	879518696
295	1170	5	879966498
295	1188	3	879519354
295	1221	5	879518455
295	1401	5	879966498
295	1446	4	879519026
295	1459	5	879519237
295	1503	2	879517082
296	923	5	884197193
296	948	1	884196149
296	950	4	884196741
296	961	5	884197287
296	963	5	884197352
296	1009	3	884196921
296	1073	5	884197330
296	1142	5	884196524
297	716	3	875239422
297	736	4	875239975
297	742	3	875774155
297	748	2	874954060
297	864	3	874954541
297	1007	4	874954763
297	1014	3	874954845
297	1016	3	874955131
297	1217	1	875240132
297	1296	4	875408935
298	660	3	884182838
298	842	4	884127249
298	993	4	884125629
298	1142	4	884183572
298	1346	3	884126061
299	1018	3	889502324
299	1020	4	878192237
299	1021	3	878192721
299	1039	4	878191779
299	1047	2	877880041
299	1073	4	879123070
299	1074	3	889502786
299	1119	4	889502727
299	1132	1	877880196
299	1141	4	877880522
299	1214	2	889502528
299	1227	1	878192556
299	1322	3	877878001
300	948	4	875650018
301	771	2	882079256
301	772	3	882078250
301	790	4	882078621
301	831	4	882075338
301	849	4	882078883
301	864	4	882075110
301	871	4	882075148
301	1012	4	882074613
301	1028	5	882074801
301	1035	4	882078809
301	1091	3	882079353
301	1112	4	882079294
301	1228	4	882079423
302	328	3	879436844
302	879	2	879436960
303	1090	1	879485686
303	1095	2	879543988
303	1098	4	879467959
303	1109	4	879467936
303	1118	3	879484004
303	1160	2	879544629
303	1178	2	879544130
303	1187	4	879467895
303	1188	4	879485204
303	1199	3	879468123
303	1210	1	879543773
303	1222	3	879468513
303	1224	2	879485475
303	1226	4	879544713
303	1239	1	879544020
303	1258	2	879544756
303	1267	3	879484327
303	1286	4	879467413
303	1303	3	879543831
303	1315	3	879544791
303	1508	1	879544130
304	742	3	884968078
304	893	3	884967520
305	856	5	886323839
305	921	5	886324410
305	923	5	886323237
305	943	2	886323464
305	947	4	886322838
305	960	1	886324362
305	1101	4	886323563
305	1104	4	886323779
305	1411	3	886324865
305	1456	4	886324962
306	864	3	876504286
306	1009	4	876503995
307	746	4	875681078
307	949	4	877123315
307	1022	4	879283008
307	1110	4	877122208
307	1140	2	879114143
307	1411	4	877124058
308	863	3	887736881
308	921	4	887738268
308	959	3	887739335
308	965	4	887738387
308	966	3	887740500
308	968	4	887739987
308	1006	4	887739608
308	1019	4	887738570
308	1021	4	887736459
308	1028	2	887738972
308	1046	4	887740649
308	1047	3	887742130
308	1073	3	887736798
308	1197	4	887739521
308	1211	3	887739669
308	1286	3	887738151
308	1404	4	887739257
308	1421	4	887739212
309	1393	2	877370383
310	845	5	879436534
310	1022	5	879435764
311	785	3	884366010
311	845	4	884366824
311	849	3	884365781
311	921	4	884364695
311	941	4	884365929
311	946	4	884366270
311	951	3	884365548
311	965	3	884365686
311	1035	4	884365954
311	1046	3	884366307
311	1093	5	884963180
311	1116	3	884364623
311	1222	3	884366010
311	1232	4	884366439
311	1479	3	884365824
312	919	3	891699263
312	921	5	891699295
312	967	3	891699321
312	968	5	891698987
312	1021	3	891698365
312	1039	5	891698951
312	1116	3	891698334
312	1124	4	891698553
312	1203	5	891699599
312	1299	4	891698832
313	674	2	891029918
313	740	2	891016540
313	745	3	891016583
313	831	3	891028426
313	843	3	891030334
313	849	3	891028360
313	946	3	891030228
313	969	4	891015387
313	1050	4	891016826
313	1066	2	891030334
313	1210	4	891032028
314	1178	2	877892244
314	1218	4	877887525
314	1220	5	877892293
314	1221	3	877889927
314	1263	2	877890611
314	1276	4	877887179
314	1289	2	877887388
314	1503	3	877890891
314	1517	4	877891937
314	1518	4	877891426
314	1520	3	877892052
315	657	4	879821299
315	709	4	879821158
315	732	3	879821158
315	746	3	879821120
315	792	5	879821120
316	614	2	880854267
316	735	4	880854337
316	1039	5	880854500
316	1084	4	880853953
317	351	3	891446819
318	796	3	884496500
318	815	3	884494938
318	865	2	884496099
318	934	4	884495382
318	1014	2	884494919
318	1023	2	884495091
318	1032	3	884498210
318	1521	3	884497824
319	880	4	889816332
320	976	2	884749567
320	1011	3	884748978
320	1041	3	884751084
320	1081	4	884748997
320	1090	3	884751376
320	1157	4	884751336
320	1188	4	884749411
320	1210	4	884751316
321	709	4	879441308
321	730	3	879439179
321	736	4	879439537
321	855	3	879439733
321	1028	2	879441064
321	1194	5	879438607
322	591	3	887313984
322	653	4	887314310
322	751	2	887313611
323	772	3	878739904
323	875	3	878739029
323	886	3	878738997
323	1017	3	878739394
323	1050	5	878739988
324	1033	4	880575589
324	1094	5	880575715
325	554	1	891479912
325	614	4	891479038
325	640	3	891478376
325	656	4	891478219
325	835	5	891478099
325	865	3	891478079
325	1411	4	891478981
326	671	3	879876327
326	674	3	879877433
326	675	4	879875457
326	679	3	879876941
326	732	5	879877143
326	944	2	879877326
326	969	4	879875151
326	1231	3	879877039
327	949	4	887819316
327	962	3	887820545
327	1012	2	887745891
327	1056	2	887747971
327	1067	4	887819538
327	1075	4	887822832
327	1097	4	887819860
327	1098	4	887820828
327	1100	4	888251464
327	1131	4	887822736
327	1141	3	887822681
328	1015	3	885047737
328	1041	3	885048762
328	1042	3	885049024
328	1106	2	893195825
328	1109	3	885047100
328	1126	3	885046580
328	1135	1	885045528
328	1136	4	885047018
328	1139	1	885049756
328	1248	3	885047417
328	1263	3	885048730
328	1277	3	885049084
329	655	4	891656237
329	855	4	891656206
329	924	3	891655905
330	747	3	876546498
330	763	5	876544337
330	823	3	876544872
330	845	5	876544432
330	1016	3	876544480
330	1028	4	876544953
330	1044	5	876547575
331	933	3	877196235
331	947	5	877196308
331	1100	2	877196634
332	1013	3	887938798
332	1016	5	887916529
332	1028	4	887938403
332	1150	3	887938631
332	1188	5	888098374
332	1218	5	887939171
332	1244	4	887938798
333	873	3	891045496
333	894	3	891045496
334	1073	4	891547714
334	1108	4	891549632
334	1133	4	891549192
334	1137	4	891544764
334	1163	4	891544764
334	1172	3	891545852
334	1207	2	891550121
334	1241	2	891545513
334	1315	4	891545185
334	1404	4	891549068
334	1411	1	891549434
334	1524	4	891547467
335	678	3	891567251
336	1059	3	877756890
336	1074	5	877757516
336	1098	3	877757790
336	1218	3	877757790
336	1230	2	877757516
337	1016	4	875184825
337	1133	4	875236281
338	613	3	879438597
338	663	5	879438627
338	792	4	879438196
338	945	4	879438762
339	845	4	891034718
339	856	5	891034922
339	961	3	891034778
339	1030	1	891036707
339	1039	4	891033932
339	1113	4	891033829
339	1139	3	891036557
339	1244	4	891036423
339	1248	3	891034538
339	1301	3	891032189
340	526	5	884991396
340	1133	5	884991742
341	1527	4	890757717
342	1071	4	875319497
342	1073	1	875320199
342	1128	5	875318536
342	1160	3	874984751
342	1163	3	875318266
342	1166	1	875319745
342	1300	1	875318556
342	1368	5	874984507
343	823	3	876403851
343	919	5	876403348
343	921	4	876406640
343	951	1	876406144
343	961	4	876404688
343	980	5	876403239
343	1107	3	876406977
343	1132	4	876403746
344	707	4	884900792
344	716	3	884901403
344	845	3	884899791
344	896	4	884814359
344	1007	4	889814518
344	1050	3	884901290
344	1165	1	886381986
344	1172	4	884901311
344	1283	2	889814587
345	1011	3	884991127
345	1014	3	884994643
345	1016	3	884994619
345	1017	2	884991303
345	1047	4	884991457
345	1048	2	884991436
345	1082	2	884994569
345	1160	3	884994606
345	1247	2	884993996
345	1315	3	884994631
346	967	2	874948426
346	977	3	875264110
346	1018	3	874950536
346	1090	2	875265071
346	1110	1	875264985
346	1222	4	875263877
347	871	4	881653300
347	879	3	881652099
347	959	5	881654545
347	1028	2	881653087
347	1035	3	881654522
347	1059	3	881652813
347	1088	1	881653224
347	1283	1	881652730
348	1028	4	886523560
348	1061	5	886523790
348	1120	3	886523387
349	847	4	879466507
349	1117	3	879466366
350	616	4	882346383
350	657	5	882346663
351	1105	4	883356833
351	1316	4	883356883
352	657	4	884290428
352	746	4	884290361
353	316	5	891402757
354	882	4	891216157
354	900	4	891180527
354	904	5	891180419
354	929	4	891216896
354	953	3	891218208
354	962	4	891217274
354	1007	4	891216549
354	1101	3	891218003
354	1241	4	891216875
355	882	4	879486421
356	937	2	891406040
357	977	5	878952287
357	984	3	878950923
357	1095	3	878952190
358	1529	3	891269584
359	751	4	886453467
359	831	3	886453402
360	588	3	880355803
360	663	4	880355888
360	735	5	880356059
360	963	5	880355448
361	934	3	879440974
361	949	4	879440774
361	1041	2	879441179
361	1074	3	879441179
361	1119	3	879440740
362	336	2	885019468
363	1010	4	891496979
363	1016	4	891499568
363	1019	5	891496414
363	1052	3	891500134
363	1074	2	891497679
363	1099	2	891495402
363	1168	2	891496587
363	1228	2	891498720
363	1267	2	891496481
363	1485	4	891496102
363	1495	5	891497278
364	1048	5	875931585
365	1017	4	891304213
365	1048	3	891304152
366	854	5	888857750
366	860	2	888858078
367	760	4	876690021
367	774	4	876690049
367	1012	4	876689825
368	567	3	889783617
368	637	2	889783617
369	988	3	889428228
370	659	4	879435033
370	705	3	879434666
371	663	5	880435238
371	746	4	880435397
372	672	5	876869512
372	874	4	876869238
372	1083	3	876869878
373	747	4	877104048
373	842	3	877098343
373	843	3	877106878
373	849	3	877105005
373	1006	2	877100129
373	1079	4	877100061
373	1135	3	877107043
373	1230	3	877111313
374	977	1	883628189
374	1011	4	880393783
374	1028	1	880393425
374	1042	5	880937920
374	1046	5	880938044
374	1047	3	880394179
374	1150	1	880937253
374	1407	2	880939304
375	761	3	886622131
375	1073	2	886621950
376	762	4	879459207
377	751	3	891296044
377	1105	3	891296275
378	1044	3	880332643
378	1046	3	880332857
378	1061	2	880044454
378	1107	3	880056351
378	1134	4	880044278
378	1180	3	880334269
378	1220	3	880055779
378	1232	3	880333121
378	1267	3	880055740
378	1284	2	880318158
378	1439	3	880333144
378	1478	3	880333098
379	732	5	880525995
379	735	4	880525133
379	855	4	880961506
379	1032	2	880568109
379	1206	2	880961672
379	1219	2	883156704
380	856	3	885479706
380	923	3	885478603
380	1168	3	885479833
380	1444	1	885480795
380	1449	4	885478845
381	914	1	892697768
381	1400	3	892697394
381	1439	3	892696831
381	1533	4	892696106
382	1229	5	875947240
382	1534	4	875946830
383	641	4	891192778
383	663	5	891192778
384	748	4	891274028
385	1021	5	879441572
385	1071	4	879448426
385	1129	5	879440236
385	1135	1	879448181
385	1353	4	879440098
385	1367	5	880879193
385	1411	3	879447873
385	1536	5	879441339
386	546	2	877655195
387	1014	3	886480789
387	1019	4	886480288
387	1069	2	886480288
387	1097	3	886480657
387	1115	3	886479575
387	1118	3	886482695
387	1143	5	886480623
387	1166	3	886483939
387	1199	5	886480970
387	1538	3	886481151
388	816	4	886441248
389	1119	3	880088659
389	1203	5	880087544
389	1286	5	880087873
389	1298	5	887868071
389	1451	5	880087544
389	1518	2	880165787
389	1530	2	880088753
390	989	5	879693677
390	990	4	879693608
391	748	3	877398619
391	924	2	877400116
391	1101	4	877399423
392	1142	5	891038184
392	1143	4	891038158
392	1160	2	891038137
393	1139	3	889729561
393	1165	3	889730514
393	1169	5	887746015
393	1179	4	889731437
393	1183	3	889731040
393	1206	3	889730494
393	1215	3	889731729
393	1219	4	889729536
393	1221	3	889554834
393	1285	3	889555176
393	1314	3	889731561
393	1441	3	889728554
393	1446	5	887746346
393	1469	3	889729749
394	979	5	881060177
394	1079	3	881059148
394	1210	3	881060330
395	892	3	883762681
395	924	4	883765156
396	986	4	884646537
396	1025	4	884645839
397	1018	4	882839517
397	1019	3	885349715
397	1298	3	885350543
398	659	3	875738391
398	661	3	875719399
398	991	2	875651527
398	1119	4	875812011
398	1450	5	875717717
399	1232	3	882350831
399	1274	1	882350870
399	1279	3	882341625
399	1314	3	882349198
399	1401	3	882342219
399	1459	3	882345473
399	1543	3	882509891
400	895	4	885676452
401	638	4	891033158
401	654	3	891033184
401	661	3	891033158
401	866	3	891032697
402	480	5	876267206
402	764	3	876266985
403	258	4	879785703
404	892	2	883790550
405	1435	1	885547735
405	1469	1	885548932
405	1503	1	885548932
405	1519	2	885546577
405	1531	1	885549094
405	1550	3	885547691
405	1554	4	885546445
405	1555	1	885549045
405	1557	1	885547222
405	1561	1	885546529
405	1562	1	885549506
405	1563	1	885549635
405	1565	1	885549463
405	1578	1	885549543
405	1582	1	885548670
405	1586	1	885549464
406	826	3	879540275
406	942	4	882480890
406	962	4	879445810
406	1010	4	879539929
406	1047	3	879540358
406	1126	3	879446588
406	1267	3	882480710
407	785	3	876341444
407	949	3	875045685
407	969	4	884201736
407	1028	3	876348832
408	748	5	889680073
409	995	4	881105366
409	1021	4	881168603
409	1176	4	881104838
409	1242	2	881106087
409	1295	1	881105367
410	882	3	888626612
411	1470	3	892845746
412	480	4	879717147
412	634	5	879716918
413	628	4	879969791
414	294	2	884999128
415	1524	5	879439791
416	1035	3	892441480
416	1092	3	886320054
416	1098	3	886316271
416	1147	4	888702100
416	1188	3	886318953
416	1407	2	886320112
416	1503	4	888702629
416	1517	2	886320054
417	1036	3	879649484
417	1039	3	879647196
417	1044	3	879648939
417	1047	4	879646388
417	1095	3	879649322
417	1135	4	880951717
417	1209	3	879649368
418	362	1	891282765
419	1451	4	879435722
420	331	3	891357271
421	915	4	892241252
422	926	2	875130100
422	1017	4	875130063
423	898	4	891394952
423	1134	4	891395684
424	1346	4	880859519
425	759	2	878738290
425	825	2	878738643
425	1314	3	878738813
426	633	4	879444816
426	1116	4	879444251
427	938	5	879701253
428	875	4	885944136
429	1136	4	882386532
429	1222	3	882387074
429	1224	2	882387114
429	1296	2	882387392
429	1425	3	882387633
430	656	4	877226365
431	748	4	877844377
432	742	4	889415983
432	1047	5	889416118
433	325	2	880585554
434	1060	3	886724733
435	780	2	884133284
435	1028	2	884133284
435	1034	2	884134754
435	1217	3	884133819
436	1206	3	887769868
436	1522	2	887771123
437	1153	5	880141962
437	1262	3	881002091
437	1404	2	881002263
438	1028	2	879868529
439	125	3	882893688
440	1038	5	891550404
442	578	2	883390466
442	636	5	883390416
444	906	4	891979402
445	1245	1	891200390
445	1591	4	891199360
446	332	3	879787149
447	879	3	878854056
447	1034	2	878854918
448	1294	1	891887161
449	1194	4	880410624
450	1160	5	886612330
450	1212	4	882396799
450	1226	4	887660820
450	1263	4	882396799
450	1269	4	882812635
451	882	1	879012812
452	1109	2	875273609
453	1032	1	877561911
454	1063	4	881960029
454	1299	2	888266991
455	755	3	879112189
456	943	4	881372946
457	775	3	882551021
458	1101	4	886397931
459	934	3	879563639
460	10	3	882912371
462	682	5	886365231
