1	6	5	887431973
1	10	3	875693118
1	12	5	878542960
1	14	5	874965706
1	17	3	875073198
1	20	4	887431883
1	23	4	875072895
1	24	3	875071713
1	27	2	876892946
1	31	3	875072144
1	33	4	878542699
1	36	2	875073180
1	39	4	8750721731
2	6	4	888551922
2	13	4	888551922
3	245	1	889237247
3	264	2	889237297
4	50	5	892003526
5	1	4	875635748
5	2	3	875636053
5	17	4	875636198
5	24	4	879198229
5	40	4	879198109
5	42	5	875636360
5	62	4	875637575
5	69	1	875721555
6	14	5	883599249
6	15	3	883599302
6	19	4	883602965
6	23	4	883601365
6	28	2	883603013
6	32	4	883601311
6	56	4	883601277
6	59	5	883601713
6	69	3	883601277
6	70	3	883601427
7	7	5	891352220
7	8	5	891351328
7	10	4	891352864
7	22	5	891351121
7	28	5	891352341
7	32	4	891350932
7	44	5	891351728
7	53	5	891354689
7	54	3	892132380
7	72	5	891353977
7	78	3	891354165
7	79	4	891352261
7	81	5	891352626
7	82	3	891351471
7	89	5	891351082
7	90	3	891352984
7	92	5	891352010
7	93	5	891351042
7	101	5	891350966
8	7	3	879362287
8	22	5	879362183
9	6	5	886960055
10	1	4	877888877
10	4	4	877889130
10	7	4	877892210
10	13	3	877892050
10	16	4	877888877
10	22	5	877888812
10	48	4	877889058
10	56	5	877886598
10	64	4	877886598
11	9	5	891902970
11	12	2	891904194
11	22	4	891904241
11	38	3	891905936
11	40	3	891905279
11	47	4	891904551
11	51	4	891906439
12	15	5	879959670
12	28	5	879958969
13	2	3	882397650
13	11	1	882397146
13	14	4	884538727
13	21	3	882399040
13	24	1	882397741
13	25	1	882141686
13	27	3	882397833
13	29	2	882397833
13	40	2	886302815
13	42	4	882141393
13	45	3	882139863
13	48	5	882139863
13	56	5	881515011
13	59	4	882140425
13	61	4	882140552
13	64	5	882140037
13	66	3	882141485
13	71	4	882398654
13	72	4	882141727
13	73	3	882141485
13	88	4	882141485
13	90	3	882141872
13	94	3	882142057
13	97	4	882399357
13	98	4	881515011
13	100	5	882140166
14	7	5	876965061
14	9	4	879119260
14	13	4	880929778
14	14	3	879119311
14	15	4	879119390
15	1	1	879455635
15	7	1	879455506
15	9	4	879455635
15	18	1	879455681
16	7	5	877724066
16	8	5	877722736
16	9	5	877722736
16	22	5	877721071
16	27	2	877726390
16	28	5	877727122
16	31	5	877717956
18	1	5	880130802
18	12	5	880129991
18	13	5	880131497
18	14	5	880130431
18	19	3	880130582
18	25	3	880131591
18	26	4	880129731
18	47	3	880131262
18	57	4	880130930
18	58	4	880130613
18	64	5	880132501
19	4	4	885412840
20	1	3	879667963
20	11	2	879669401
21	56	5	874951658
21	98	5	874951657
21	100	5	874951292
21	103	1	874951245
21	106	2	874951447
21	118	1	874951382
21	121	1	874951416
21	129	4	874951382
22	29	1	878888228
22	79	4	878887765
22	80	4	878887227
22	96	5	878887680
22	110	1	878887157
23	1	5	874784615
23	13	4	874784497
23	28	3	874786793
23	32	3	874785809
23	50	4	874784440
23	70	2	874786513
24	9	5	875323745
24	25	4	875246258
25	8	4	885852150
25	13	4	885852381
25	25	5	885853415
26	7	3	891350826
26	9	4	891386369
26	13	3	891373086
26	15	4	891386369
27	100	5	891543129
28	7	5	881961531
28	12	4	881956853
28	50	4	881957090
28	70	4	881961311
29	98	4	882821942
30	7	4	875140648
31	79	2	881548082
32	100	3	883717662
33	258	4	891964066
34	242	5	888601628
36	268	2	882157418
37	11	4	880915838
37	22	5	880915810
38	1	5	892430636
38	22	5	892429347
38	28	4	892429399
38	67	4	892434312
38	71	5	892430516
40	243	2	889041694
41	1	4	890692860
41	28	4	890687353
42	12	4	881107502
42	25	3	881110670
42	28	5	881108187
42	44	3	881108548
42	48	5	881107821
42	63	4	881108873
42	69	4	881107375
42	70	3	881109148
42	72	3	881108229
43	1	5	875975579
43	5	4	875981421
43	7	4	875975520
43	11	5	875981365
43	14	2	883955745
43	15	5	875975546
43	17	3	883956417
43	26	5	883954901
43	40	3	883956468
43	47	1	883955415
44	5	4	878347598
44	9	5	878341196
44	11	3	878347915
44	15	4	878341343
44	21	2	878346789
44	55	4	878347455
44	56	2	878348601
45	1	5	881013176
46	7	4	883616155
48	28	2	879434653
48	50	4	879434723
48	71	3	879434850
49	1	2	888068651
49	3	3	888068877
49	7	4	888067307
49	10	3	888066086
49	11	3	888069458
49	17	2	888068651
49	38	1	888068289
49	39	2	888068194
49	40	1	888069222
49	47	5	888068715
50	9	4	877052297
52	15	5	882922204
52	93	4	882922357
53	24	3	879442538
54	50	5	880931687
54	106	3	880937882
54	118	4	880937813
55	56	4	878176397
56	1	4	892683248
56	7	5	892679439
56	25	4	892911166
56	29	3	892910913
56	31	4	892679259
56	38	2	892683533
56	44	4	892679356
56	51	3	892677186
56	56	5	892676376
57	7	4	883697105
57	28	4	883698324
57	56	3	883698646
57	79	5	883698495
57	100	5	883698581
58	8	4	884304955
58	9	4	884304328
58	13	3	884304503
58	20	1	884304538
58	32	5	884304812
58	42	4	884304936
58	45	5	884305295
59	7	4	888202941
59	10	4	888203234
59	12	5	888204260
59	13	5	888203415
59	14	5	888203234
59	18	4	888203313
59	23	5	888205300
59	25	4	888203270
59	33	3	888205265
59	39	4	888205033
59	45	5	888204465
59	47	5	888205574
59	48	5	888204502
59	50	5	888205087
59	54	4	888205921
59	65	4	888205265
60	13	4	883327539
60	21	3	883327923
60	28	5	883326155
60	47	4	883326399
60	56	4	883326919
60	60	5	883327734
60	61	4	883326652
60	64	4	883325994
62	3	3	879372325
62	4	4	879374640
62	8	5	879373820
62	12	4	879373613
62	14	4	879372851
62	20	4	879372696
62	21	3	879373460
62	24	4	879372633
62	28	3	879375169
62	33	1	879374785
63	6	3	875747439
63	13	4	875747439
63	20	3	875748004
63	50	4	875747292
64	1	4	879366214
64	2	3	889737609
64	4	3	889739138
64	7	4	889737542
64	8	4	889737968
64	9	4	889738085
64	12	5	889738085
64	17	3	889739733
64	38	3	889740415
65	7	1	879217290
65	47	2	879216672
65	48	5	879217689
66	1	3	883601324
67	1	3	875379445
68	7	3	876974096
69	9	4	882126086
69	12	5	882145567
70	48	4	884064574
70	50	4	884064188
70	69	4	884065733
70	71	3	884066399
70	82	4	884068075
71	50	3	885016784
72	12	5	880036664
72	28	4	880036824
72	38	3	880037307
72	45	5	880037853
72	48	4	880036718
72	51	4	880036946
73	7	4	888625956
73	12	5	888624976
73	28	3	888626468
74	9	4	888333458
75	100	5	884049875
75	108	4	884050661
75	118	3	884050760
76	12	3	882606060
76	23	5	875027355
76	59	4	875027981
77	4	3	884752721
77	23	4	884753173
77	50	4	884732345
79	6	4	891271901
79	7	5	891272016
80	45	4	887401585
81	3	4	876592546
81	7	4	876533545
82	8	4	878769292
82	11	4	878769992
82	13	2	878768615
82	14	4	876311280
82	15	3	876311365
82	25	2	878768435
82	56	3	878769410
82	64	5	878770169
83	1	4	880306903
83	22	5	880307724
83	28	4	880308284
83	35	1	886534501
83	43	4	880308690
83	63	4	880327970
83	77	4	880308426
84	7	4	883452155
84	12	5	883452874
85	8	4	879454952
85	13	3	879452866
85	25	2	879452769
85	45	3	879455197
85	51	2	879454782
85	53	3	882995643
85	56	4	879453587
85	58	4	879829689
85	70	4	879828328
85	71	4	879456308
85	83	4	886282959
85	86	4	879454189
86	258	5	879570366
87	2	4	879876074
87	4	5	879876524
87	7	4	879875735
87	8	5	879876447
87	9	4	879877931
87	25	4	879876811
87	33	3	879876488
87	39	3	879875995
87	40	3	879876917
88	261	5	891038103
89	14	4	879441357
89	26	3	879459909
89	83	4	879459884
90	6	4	891384357
90	9	4	891385787
90	11	4	891384113
90	12	5	891383241
90	14	5	891383987
90	17	4	891384721
90	22	4	891384357
90	25	5	891384789
90	30	5	891385843
90	31	4	891384673
90	33	4	891383600
90	42	4	891384885
90	45	3	891385039
91	28	4	891439243
91	64	4	891439243
91	82	5	891439386
91	97	5	891438947
92	2	3	875653699
92	11	4	875653363
92	15	3	875640189
92	22	3	875653121
92	24	3	875640448
92	28	3	875653050
92	31	4	875654321
92	32	3	875653363
92	42	4	875653664
92	43	3	875813314
92	46	4	875653867
92	48	4	875653307
92	53	3	875656392
92	62	3	875660468
92	66	3	875812279
92	67	3	875907436
92	73	3	875656474
92	77	3	875654637
93	15	5	888705388
94	1	4	885870323
94	8	5	885873653
94	9	5	885872684
94	12	4	886008625
94	17	2	891721494
94	23	5	885870284
94	24	4	885873423
94	28	4	885873159
94	31	4	891721286
94	33	3	891721919
94	34	1	891723558
94	38	2	891722482
94	39	3	891721317
94	45	5	886008764
94	50	5	891720996
94	52	5	891721026
94	55	4	885873653
95	1	5	879197329
95	2	2	888955909
95	3	1	879193881
95	7	5	879197329
95	14	5	879197329
95	15	4	879195062
95	24	3	879192542
95	26	3	880571951
95	32	1	888954726
95	33	3	880571704
95	43	2	880572356
95	48	4	879197500
96	1	5	884403574
96	8	5	884403020
97	7	5	884238939
97	28	5	884238778
98	47	4	880498898
99	3	3	885679237
99	4	5	886519097
99	7	4	885678784
99	11	5	885680138
99	12	5	885680458
99	50	5	885679998
99	56	5	885679833
100	266	2	891375484
100	268	3	891374982
101	24	4	877136391
101	50	4	877135944
102	5	3	888803002
102	47	2	888803636
102	50	4	888801315
102	62	3	888801812
102	66	3	892992129
102	67	1	892993706
102	70	3	888803537
102	79	2	888801316
102	83	3	888803487
102	89	4	888801315
103	24	4	880415847
104	7	3	888465972
104	25	3	888465634
104	100	4	888465166
104	117	2	888465972
106	1	4	881449487
106	8	4	881452405
106	15	3	883876518
108	10	5	879879834
109	1	4	880563619
109	4	2	880572756
109	5	3	880580637
109	7	4	880563080
109	8	3	880572642
109	9	3	880564607
109	31	4	880577844
109	42	1	880572756
109	58	4	880572950
109	62	3	880578711
110	11	4	886987922
110	22	4	886987826
110	28	4	886987979
110	38	3	886988574
110	68	2	886988631
111	242	4	891679901
112	286	4	884992484
112	289	5	884992690
113	100	4	875935610
113	126	5	875076827
114	96	3	881259955
114	100	5	881259927
115	8	5	881171982
115	9	5	881171982
115	11	4	881171348
115	12	5	881171982
116	7	2	876453915
116	65	2	876454052
116	137	2	876454308
116	180	5	886310197
116	185	3	876453519
117	1	4	880126083
117	12	5	881011350
117	15	5	880125887
117	25	4	881009470
117	50	5	880126022
118	17	3	875385257
118	22	5	875385136
119	12	3	874781915
119	24	4	886177076
119	40	4	886176993
119	54	4	886176814
119	83	4	886176922
119	86	4	874782068
119	87	5	874781829
119	100	5	874774575
120	9	4	889489886
121	9	5	891390013
121	14	5	891390014
122	46	5	879270567
122	70	5	879270606
123	13	3	879873988
123	22	4	879809943
124	11	5	890287645
125	1	4	879454699
125	22	5	892836395
125	25	1	879454987
125	28	4	879454385
125	50	5	892836362
125	63	3	892838558
125	64	5	879454139
125	69	4	879454628
125	73	5	892838288
126	243	5	887855342
126	245	3	887854726
127	227	4	884364867
128	1	4	879966919
128	14	5	879967341
128	15	4	879968827
128	48	4	879967767
128	50	4	879967268
128	54	2	879968415
128	56	3	879966785
128	58	3	879968008
129	245	2	883245452
130	3	5	876250897
130	4	2	875801778
130	12	4	875216340
130	22	5	875217265
130	28	4	875217172
130	33	5	876252087
130	39	4	875801496
130	41	3	875801662
130	44	4	875801662
130	47	3	875801470
130	49	4	875802236
130	50	5	874953665
130	53	3	876251972
130	55	5	875216507
130	56	5	875216283
130	58	2	876251619
130	63	4	876252521
131	1	4	883681384
134	15	5	891732726
135	12	4	879857764
135	23	4	879857765
135	33	3	879857930
136	14	5	882693338
137	15	4	881432965
137	50	5	881432937
138	26	5	879024232
138	98	5	879024043
140	258	3	879013617
141	1	3	884584753
141	50	4	884584735
141	106	5	884585195
141	117	4	884584929
142	28	4	888640404
144	19	4	888103929
144	22	5	888105439
144	31	3	888105823
144	32	4	888105287
144	33	5	888105902
144	50	5	888103929
144	62	2	888105902
144	64	5	888105140
144	65	4	888106182
145	1	3	882181396
145	3	3	875271562
145	5	3	875272196
145	7	5	875270429
145	13	5	875270507
145	15	2	875270655
145	22	5	875273021
145	25	2	875270655
145	38	3	888398747
145	39	4	875271838
145	42	5	882181785
145	44	5	875272132
145	50	5	885557660
146	262	4	891457714
147	258	4	885594040
148	1	4	877019411
148	7	5	877017054
148	70	5	877021271
149	269	5	883512557
150	1	4	878746441
150	13	4	878746889
151	7	4	879524610
151	10	5	879524921
151	12	5	879524368
151	13	3	879542688
151	15	4	879524879
151	25	4	879528496
151	47	3	879528459
151	49	3	879543055
151	51	4	879543055
151	58	4	879524849
151	64	5	879524536
151	65	4	879528729
151	66	4	879524974
151	79	4	879524642
152	22	5	882828490
152	25	3	880149045
152	51	4	882476486
153	22	2	881371140
154	50	5	879138657
154	89	5	879138910
155	286	4	879370860
156	11	2	888185906
157	1	5	874813703
157	3	3	886890734
158	1	4	880132443
158	8	5	880134948
158	11	4	880134398
158	24	4	880134261
158	38	4	880134607
158	42	3	880134913
158	50	4	880133306
159	103	1	880557604
159	111	4	880556981
159	117	5	880486047
160	1	4	876768025
160	3	3	876770124
160	4	4	876861754
160	7	3	876767822
160	21	1	876769480
161	14	4	891171413
161	48	1	891170745
162	25	4	877635573
162	42	3	877636675
163	56	4	891220097
164	117	5	889401816
164	118	5	889401852
164	121	5	889402203
165	69	3	879525799
166	258	4	886397562
167	48	1	892738277
167	73	2	892738452
167	126	3	892738141
168	7	1	884287559
168	15	5	884287362
168	25	5	884287885
169	127	4	891359354
172	177	4	875537965
173	242	5	877556626
174	13	3	891551777
174	14	5	886433771
174	21	1	886515209
174	28	5	886434547
174	29	2	886514469
174	40	4	886514985
174	41	1	886515063
174	49	4	886513788
175	9	4	877108146
176	13	4	886047994
176	50	5	886047879
177	1	3	880130699
177	22	4	880130847
177	47	3	880131187
177	56	5	880130618
177	59	4	880130825
178	8	4	882826556
178	15	5	882823858
178	16	4	882823905
178	22	5	882826187
178	25	3	888514710
178	28	5	882826806
178	39	2	882827645
178	55	4	882826394
178	58	5	882827134
178	70	4	882827083
178	71	4	882826577
178	73	5	882827985
179	258	5	892151270
180	28	3	877355568
180	56	5	877127130
181	1	3	878962392
181	3	2	878963441
181	7	4	878963037
181	9	4	878962675
181	10	2	878962955
181	13	2	878962465
181	14	1	878962392
181	16	1	878962996
181	20	1	878962919
181	21	1	878963381
181	25	5	878962675
181	103	1	878962586
181	112	1	878962955
181	121	4	878962623
181	123	2	878963276
181	124	1	878962550
181	125	3	878962816
181	146	1	878962955
181	147	1	878963168
181	148	2	878963204
181	149	1	878962719
182	69	5	876435435
183	54	2	891467546
183	88	3	891466760
184	9	5	889907685
184	11	3	889908694
184	13	3	889907839
184	14	4	889907738
184	15	3	889907812
184	22	3	889908985
184	34	2	889913568
184	36	3	889910195
184	47	4	889909640
184	52	4	889910034
184	57	5	889908539
185	15	3	883525255
185	23	4	883524249
186	31	4	879023529
186	44	5	879023529
186	53	1	879023882
186	71	5	879024535
187	28	4	879465597
187	64	5	879465631
188	7	5	875073477
188	13	4	875073408
188	38	3	875073828
188	56	4	875071658
188	66	3	875075118
189	1	5	893264174
189	9	3	893263994
189	15	2	893264335
189	16	3	893264335
189	20	5	893264466
189	21	2	893264619
189	30	4	893266205
190	117	4	891033697
190	118	3	891033906
191	86	5	891562417
192	127	4	881367456
193	2	3	890860198
193	29	3	889126055
193	33	3	889125912
193	56	1	889125572
193	96	1	889124507
193	100	5	889124127
194	1	4	879539127
194	4	4	879521397
194	7	3	879538898
194	12	5	879520916
194	23	4	879522819
194	25	2	879540807
194	26	3	879522240
194	30	3	879524504
194	44	4	879524007
194	51	4	879549793
194	52	4	879525876
194	54	3	879525876
194	56	5	879521936
194	58	4	879522917
195	14	4	890985390
195	46	3	891762441
195	55	4	888737417
195	61	3	888737277
196	8	5	881251753
197	33	2	891409981
197	55	3	891409982
197	62	2	891410039
197	68	2	891410082
197	79	5	891409839
197	89	5	891409798
198	7	4	884205317
198	11	4	884207392
198	15	3	884205185
198	23	4	884208491
198	24	2	884205385
198	33	3	884209291
198	51	3	884208455
199	111	3	883783042
199	117	3	883782879
200	2	4	884130046
200	7	4	876042451
200	8	4	884128904
200	11	5	884129542
200	15	4	884127745
200	24	2	884127370
200	25	4	876042234
200	29	4	884130540
200	33	4	884129602
200	38	3	884130348
201	2	2	884112487
201	4	4	884111830
201	8	3	884141438
201	9	3	884113343
201	20	2	884140275
201	23	4	884111830
201	25	3	884114015
201	26	4	884111927
201	27	3	884140891
201	32	3	884140049
201	36	1	884140927
201	37	2	884114635
201	39	1	884112427
201	50	4	884114471
201	51	2	884140751
201	56	5	884111269
201	57	4	884111958
203	1	3	880434384
203	7	3	880434438
204	1	2	892513979
204	45	5	892513906
205	243	2	888284758
206	245	1	888179772
206	258	4	888179602
206	260	3	888179772
207	2	3	877822770
207	4	4	876198457
207	8	3	878103820
207	13	3	875506839
207	14	4	875504876
207	25	4	876079113
207	28	4	877822162
207	42	4	877878688
207	53	1	881681725
208	56	2	883108360
208	70	3	883108430
209	50	5	883417589
210	25	4	887730407
210	40	3	891035994
210	44	3	887737710
210	49	3	891036116
210	50	5	887731014
210	58	4	887730177
211	69	3	879460213
213	1	2	878870719
213	2	4	878955914
213	8	3	878955564
213	11	4	878956156
213	12	5	878955409
214	7	5	892668130
214	12	5	892668153
214	13	3	891543271
214	20	4	892668197
214	22	3	891544200
214	23	5	892668130
215	8	2	891436177
215	11	2	891436024
215	22	3	891435161
215	64	4	891435804
216	4	5	880234469
216	7	5	880232719
216	9	4	880232637
216	12	5	881432544
216	15	3	881428365
217	2	3	889069782
217	7	4	889069741
217	22	5	889069741
218	4	3	877488546
218	5	3	881288574
219	13	1	889452455
220	268	4	881197771
221	3	4	875244901
221	4	3	875245462
221	17	4	875245406
221	24	5	875244352
221	32	4	875245223
221	33	4	875246632
222	1	4	877563227
222	2	3	878183837
222	4	3	878183924
222	7	5	877563168
222	8	1	878182307
222	9	5	877563227
222	12	5	878181387
222	15	3	877563437
222	22	5	878183285
222	25	3	877563437
222	26	3	878183043
222	29	3	878184571
222	40	1	881060550
222	49	3	878183512
222	53	5	878184113
222	58	3	878182479
222	62	4	878183616
223	1	4	891549324
223	8	2	891550684
223	11	3	891550649
223	22	5	891550649
223	25	1	891549382
224	11	3	888082468
224	15	4	888103611
224	20	1	888104487
224	22	5	888103581
224	26	3	888104153
224	29	3	888104457
224	43	3	888104456
225	22	5	879540678
226	7	4	883889479
227	7	5	879035251
227	9	3	879035431
228	87	1	889388662
229	258	2	891632040
230	7	3	880484476
230	8	5	880484501
230	11	4	880484911
230	50	5	880484755
230	51	4	880484937
231	121	4	879966609
232	1	4	880062302
232	8	2	888549757
232	14	4	880062574
232	22	3	888549988
233	31	3	880610814
233	48	5	877663184
233	56	5	877661776
233	57	5	880190451
234	1	3	891227689
234	7	2	891227813
234	8	5	892079585
234	10	3	891227851
234	12	1	892333830
234	14	3	891227730
234	15	3	892079538
234	20	4	891227979
234	21	3	892335042
234	32	3	892078936
234	50	4	892079237
234	54	2	892336257
234	70	3	892335587
234	71	3	892334338
234	72	3	892335674
234	73	2	892334368
234	76	2	892335564
234	77	3	892333890
234	79	3	892079910
234	81	3	892334680
235	7	4	889655723
235	22	4	889655044
235	52	4	889656168
235	65	2	889655723
236	15	5	890116628
236	51	5	890116709
236	57	5	890116575
236	58	2	890118462
236	66	2	890118507
237	23	4	879376606
237	28	4	879376435
238	111	4	883576603
239	8	5	889179290
239	9	5	889180446
239	10	5	889180338
239	47	2	889180169
239	56	4	889179478
239	58	5	889179623
239	79	3	889179544
241	292	4	887250084
243	13	4	879987362
243	15	3	879987440
243	16	3	879987630
244	7	4	880602558
244	13	4	880604379
244	17	2	880607205
244	20	4	880604758
244	22	4	880605665
244	31	4	880603484
244	40	2	880608016
244	42	5	880602058
244	51	2	880606923
244	52	4	880606476
244	53	3	880607489
244	54	2	880607335
246	1	4	884920918
246	3	2	884923390
246	8	3	884921245
246	17	2	884922658
246	29	1	884922740
246	55	4	884921948
246	68	5	884922341
246	80	2	884923329
247	1	4	893097024
248	11	5	884534992
248	55	4	884534793
248	96	4	884534968
249	9	5	879572402
249	11	5	879640868
249	13	4	879640396
249	22	5	879572926
249	23	4	879572432
249	24	4	879640306
249	28	4	879572106
250	1	4	883263374
250	2	4	878090414
250	7	4	878089716
250	23	4	878090499
250	44	4	878090199
251	12	4	886271700
251	15	4	886272086
251	50	5	886272086
252	7	4	891455743
253	50	4	891628518
253	64	5	891628252
253	79	5	891628518
253	83	4	891628159
254	15	3	886471307
254	35	2	886475755
254	50	5	886471151
254	75	1	886475004
254	90	1	886475406
254	97	5	887346963
254	98	4	886472201
255	53	3	883216672
255	98	5	883216449
255	185	4	883216449
256	2	5	882164480
256	4	5	882164525
256	7	4	882151017
256	9	4	882150644
256	12	5	882164696
256	25	5	882150552
256	29	4	882164644
256	49	4	882165238
256	51	4	882165135
257	50	5	882049897
257	59	5	879547440
258	243	3	885701024
259	12	5	874809192
260	272	3	890618349
261	117	4	890455974
262	11	4	879793597
262	15	3	879962366
262	22	4	879792452
262	28	3	879792220
262	44	2	879794446
262	47	2	879794599
262	50	2	879962366
263	22	5	891298107
263	64	5	891298453
263	69	5	891298914
263	79	4	891298047
263	82	4	891299697
263	86	4	891299574
264	4	4	886123656
264	12	5	886122508
264	25	4	886124197
264	33	3	886122644
264	42	5	886123358
265	7	2	875320689
267	3	4	878970901
267	7	5	878970503
267	17	4	878971773
267	22	4	878971816
267	24	5	878972682
267	28	4	878972524
267	50	5	878974783
268	1	3	875742341
268	2	2	875744173
268	7	4	876513953
268	16	3	875306691
268	17	3	875743588
268	21	3	875742822
268	31	4	875310311
268	38	1	875744228
268	40	3	875743708
268	42	4	875310384
268	52	3	875309319
268	55	4	875309998
268	62	3	875310824
268	63	1	875743792
269	5	2	891450780
269	7	3	891449055
269	9	4	891446246
269	13	4	891446662
269	15	2	891446348
269	22	1	891448072
269	44	3	891449691
269	47	4	891448386
269	50	3	891448926
269	55	4	891449214
269	63	1	891450857
269	64	4	891447960
269	70	1	891447280
269	72	2	891451470
269	76	3	891448456
270	13	4	876954192
270	17	2	876956064
270	25	5	876954456
270	53	4	876956106
270	66	4	876955531
270	70	5	876955066
271	1	3	886106038
271	8	4	885848770
271	11	4	885848408
271	13	4	885847714
271	15	3	885847876
271	22	5	885848518
271	25	3	885847876
271	31	4	885849325
271	38	2	885849648
271	44	4	885849357
271	50	5	885848640
272	8	4	879455015
272	11	4	879455143
273	303	4	891293048
274	1	4	878945466
274	25	5	878945541
274	50	5	878944679
275	28	4	880314529
275	69	3	880314089
275	89	3	875154878
275	95	3	875154535
276	2	4	874792436
276	4	4	874791623
276	5	3	874792692
276	8	4	874791623
276	11	5	874787497
276	14	4	890979947
276	22	5	874787496
276	34	2	877934264
276	38	3	874792574
276	40	3	874791871
276	41	3	874792277
276	43	1	874791383
276	46	3	874791145
276	54	3	874791025
276	56	5	874791623
276	57	3	874787526
276	58	4	874791169
276	63	3	874792168
276	64	5	874787441
276	66	3	874791993
276	68	4	874792483
276	69	4	874790996
276	70	4	874790826
277	9	4	879543336
277	15	4	879544145
278	22	5	891295360
279	1	3	875295812
279	4	4	875296461
279	13	3	875249210
279	24	5	875295591
279	25	5	875295736
279	40	4	875306910
279	42	4	875308843
279	50	3	890451347
279	52	3	890780576
279	59	4	875308843
279	63	3	875313350
279	65	1	875306767
279	66	2	882146492
279	67	4	875310419
279	68	4	875307407
279	73	4	875310041
279	79	3	875296461
279	80	4	875313750
279	88	1	882146554
280	1	4	891700426
280	4	3	891700733
280	5	4	891701066
280	7	4	891700385
280	11	5	891700570
280	38	3	891701832
280	40	5	891701614
280	50	3	891701027
280	53	5	891702544
280	54	2	891701747
280	62	3	891701747
282	258	5	879949367
283	24	4	879297867
283	42	5	879298333
284	258	4	885329146
285	150	5	890595636
286	1	4	876521699
286	7	4	875807003
286	11	5	877531975
286	13	2	876521933
286	20	4	876521858
286	25	3	875807003
286	29	2	877533586
286	34	5	877534701
286	44	3	877532173
286	50	4	875806869
286	53	2	877533506
286	55	4	877531574
286	56	2	877531469
287	1	5	875334088
287	11	5	875335124
287	28	5	875335018
288	12	4	886374130
288	13	5	886892241
288	15	4	886892177
289	1	3	876789736
290	21	3	880475695
290	22	5	880473942
290	43	3	880475783
290	50	5	880473582
290	54	3	880475218
290	71	5	880473667
290	82	4	880473918
291	4	4	874835062
291	7	5	874834481
291	15	5	874833668
291	17	4	874834850
291	24	5	874834481
291	28	4	875086920
291	41	4	875086636
291	46	4	874868045
291	48	5	874868027
291	49	4	875086090
291	53	5	874834827
291	54	4	874834963
292	9	4	881104148
292	10	5	881104606
292	11	5	881104093
292	28	4	881105734
292	56	5	881105373
292	79	5	881103434
293	2	3	888907101
293	5	3	888906576
293	8	3	888905736
293	12	4	888905665
293	16	2	888907499
293	22	3	888905819
293	23	4	888905865
293	27	3	888907753
293	31	2	888906244
293	33	2	888907433
293	36	1	888908041
293	39	3	888906804
293	53	3	888907891
293	54	3	888907210
293	55	4	888906096
293	56	4	888905550
293	64	5	888905519
294	7	4	877819563
294	10	3	877819490
294	24	4	877819761
294	79	4	889854323
294	105	3	889242660
294	109	4	877819599
295	4	4	879518568
295	7	5	879518018
295	25	5	879518042
295	39	4	879518279
295	42	3	879517467
295	47	5	879518166
295	53	1	879519528
295	67	4	879519042
295	68	4	879518960
296	10	2	884196605
296	14	4	884196665
296	15	3	884196712
296	20	5	884196921
296	22	4	884197068
296	24	2	884196605
296	32	4	884197131
297	7	4	874954541
297	12	5	875239619
297	20	4	874954763
297	22	4	875238984
297	24	4	874954260
297	25	4	874954497
297	31	3	881708087
297	47	2	875240090
297	50	5	874954541
298	8	5	884182748
298	28	4	884182725
298	69	4	884125058
298	71	5	884183016
299	13	4	877877965
299	14	4	877877775
299	17	1	889503374
299	24	3	877877732
299	26	4	878192601
299	32	3	877881169
299	50	4	877877775
299	52	4	877880962
299	56	4	877880350
299	59	5	877880394
299	67	2	889503740
299	70	3	877881320
301	1	4	882074345
301	2	2	882076587
301	7	4	882074236
301	8	4	882076494
301	9	3	882074291
301	11	4	882076291
301	22	4	882075859
301	25	3	882075110
301	31	3	882076463
301	33	4	882078228
301	53	1	882078883
301	54	3	882076587
302	245	2	879436911
303	9	5	879466830
303	15	3	879467607
303	24	3	879468047
303	26	4	879468307
303	31	3	879467361
303	38	1	879484981
303	42	5	879467223
303	43	3	879485507
303	44	4	879484480
303	49	2	879483901
303	55	4	879467328
303	62	2	879484159
303	65	4	879467436
303	67	5	879485401
303	68	4	879467361
303	69	5	879467542
303	79	5	879466891
303	80	4	879484563
303	87	3	879466421
303	91	5	879483480
304	237	5	884968415
305	7	4	886323937
305	11	1	886323237
305	14	4	886322893
305	15	1	886322796
305	50	5	886321799
305	52	2	886323506
305	56	1	886323068
305	61	4	886323378
305	71	3	886323684
306	13	4	876504442
307	21	4	876433101
307	22	3	879205470
307	24	4	876176161
307	71	5	879283169
307	81	5	879283091
308	1	4	887736532
308	4	5	887737890
308	5	4	887739608
308	12	5	887737243
308	25	4	887740649
308	28	3	887737036
308	44	4	887740451
308	45	4	887736843
308	54	2	887740254
308	55	3	887738760
308	58	3	887736459
308	59	4	887737647
308	60	3	887737760
308	64	4	887737383
308	70	4	887737244
308	72	4	887740451
308	74	4	887740184
310	14	5	879436268
311	1	4	884963202
311	5	3	884365853
311	9	4	884963365
311	15	5	884963136
311	22	4	884364538
311	28	5	884365140
311	38	3	884365954
311	41	3	884366439
311	43	4	884366227
311	44	3	884365168
311	50	5	884365075
311	58	3	884364570
311	62	3	884365929
311	68	1	884365824
312	4	3	891698832
312	8	5	891699263
312	28	4	891698300
312	52	5	891699399
312	57	5	891699599
312	96	5	891699040
312	98	4	891698300
312	100	4	891698613
312	114	5	891698793
313	22	3	891014870
313	29	2	891028472
313	31	4	891015486
313	44	3	891015049
313	56	2	891014313
313	64	4	891016193
313	65	2	891016962
313	66	1	891015049
313	67	1	891029117
313	69	5	891016193
314	5	4	877889724
314	7	4	877886375
314	9	4	877886375
314	24	1	877886221
314	28	5	877888346
314	29	5	877889234
314	42	5	877888610
314	54	4	877888892
314	64	5	877888346
314	68	4	877891637
315	8	3	879820961
315	12	5	879821194
315	13	4	879821158
315	17	1	879821003
316	9	4	880853774
316	14	4	880853881
316	19	5	880854539
317	245	4	891446575
318	12	4	884495795
318	15	5	884470944
318	47	2	884496855
318	49	3	884497257
318	50	2	884495696
318	63	3	884496932
318	64	4	884495590
320	1	3	884748604
320	3	4	884748978
320	4	3	884749306
320	7	4	884748708
320	11	4	884749255
320	22	5	884749452
320	33	4	884749385
321	8	4	879440451
321	14	3	879438825
321	20	3	879440160
321	30	4	879439658
321	50	4	879438793
322	1	2	887314119
322	12	4	887313946
323	7	2	878739355
323	9	4	878739325
323	15	3	878739393
323	22	5	878739743
324	9	5	880575449
325	47	3	891478712
325	86	3	891478578
325	95	2	891478895
325	98	4	891478079
325	99	5	891479244
325	100	4	891478504
326	22	4	879874989
326	48	3	879875533
326	50	5	879875112
326	54	3	879876300
326	67	2	879877284
326	69	2	879874964
326	79	4	879875203
327	9	5	887819860
327	13	2	887746665
327	14	4	887744167
327	25	2	887746728
327	32	4	887747266
327	50	3	887745574
327	64	2	887745699
327	81	4	887818904
327	82	2	887820448
327	89	4	887744167
328	4	3	885047895
328	7	4	885046079
328	9	4	885045993
328	10	4	885047099
328	22	5	885045805
328	31	4	886036884
328	43	3	886038224
328	55	4	885046655
328	76	3	885046580
328	79	4	885047194
328	82	4	885046537
329	12	4	891656178
329	79	4	891656391
330	8	5	876546236
330	11	4	876546561
330	22	5	876545532
330	38	4	876546948
330	44	5	876546920
330	47	5	876546409
331	7	4	877196633
331	11	2	877196702
331	47	5	877196235
332	5	5	888360370
332	7	4	887916547
332	22	5	887938934
332	44	3	888360342
332	53	3	888360438
332	54	4	888360396
333	66	5	891045515
334	4	3	891548345
334	7	5	891544788
334	8	4	891547171
334	22	4	891545821
334	52	4	891548579
334	59	5	891546000
334	69	1	891548032
334	70	3	891546299
334	72	3	891549192
334	77	3	891549247
334	86	4	891548295
336	13	3	877756890
336	49	4	877758001
336	66	3	877756126
336	67	4	877756966
337	106	2	875184682
338	56	3	879438535
338	79	4	879438715
338	100	4	879438196
339	1	5	891032349
339	11	4	891032379
339	12	5	891032659
339	23	5	891033481
339	25	4	891035116
339	28	4	891032542
339	30	3	891032765
339	32	5	891032255
339	42	4	891033452
340	1	5	884990988
342	4	4	874984395
342	13	3	874984480
342	23	5	874984154
342	25	2	875318328
342	32	5	874984207
342	56	5	874984315
342	58	5	875319912
343	8	5	876404836
343	12	5	876405735
343	20	5	876408138
343	25	2	876402814
343	38	3	876406257
343	44	3	876406640
343	47	4	876405130
343	48	3	876405697
344	5	3	884901533
344	9	5	884814480
344	12	5	884901024
344	25	4	884814480
344	39	3	884901290
344	45	5	884901210
344	58	3	884814697
344	79	4	884900993
345	1	3	884990938
345	13	4	884991220
345	15	4	884991220
345	25	3	884991384
345	26	3	884993555
345	33	4	884993069
345	48	5	884902317
345	49	3	884993505
345	51	5	884993744
346	4	4	874948105
346	17	1	874950839
346	31	4	874950383
346	33	5	875261753
346	53	1	875263501
347	7	4	881652590
347	12	3	881653584
347	22	5	881654005
347	25	2	881652684
347	55	5	881653603
347	56	5	881653736
347	65	2	881654679
348	1	4	886523078
348	15	4	886523330
349	9	4	879465477
350	1	4	882345734
351	286	5	879481386
352	4	3	884290328
354	47	4	891217110
354	52	5	891217547
354	57	5	891217575
354	58	3	891218356
354	61	5	891218091
354	70	3	891218208
354	79	2	891217274
354	86	5	891218312
357	7	3	878951537
357	118	5	878951691
359	1	4	886453214
360	13	3	880354315
360	14	5	880354149
360	28	4	880355678
361	12	4	879441214
361	14	4	879440651
361	26	3	879440941
361	88	4	879440974
363	2	4	891495809
363	5	1	891497047
363	9	3	891494628
363	37	2	891498510
363	55	5	891495682
363	62	2	891497639
363	66	4	891496849
363	71	3	891495301
363	81	4	891496616
363	82	3	891497047
365	7	2	891304213
365	13	3	891303950
366	7	2	888857598
367	17	5	876689991
367	56	5	876689932
368	17	5	889783562
370	12	4	879435369
371	24	4	877487500
372	12	4	876869730
372	77	5	876869794
373	2	4	877100416
373	15	4	877098568
373	20	2	877098751
373	25	4	877100016
373	28	3	877103935
373	31	3	877100199
373	58	4	877100161
374	1	4	880392992
374	7	1	880393268
374	9	1	880393056
374	28	5	880395698
374	29	3	880939127
374	87	5	880395320
374	111	2	880393268
374	116	1	880393307
375	39	3	886622024
377	56	4	891298407
378	4	3	880045612
378	8	4	880045722
378	9	5	880044419
378	10	3	880044454
378	12	5	880046132
378	29	3	880332949
378	48	5	880056701
378	50	4	880045145
378	52	5	880056491
378	54	4	880056976
378	63	3	880333719
379	2	3	880525540
379	4	5	880525598
379	8	5	880525194
379	23	4	880524783
379	50	4	880525400
379	52	4	880741002
380	1	4	885478218
380	22	4	885478334
380	59	4	885478447
380	62	1	885479777
381	13	4	892696445
381	30	4	892697174
381	49	2	892696328
382	9	4	875946830
382	25	2	875945880
383	9	5	891192801
385	4	2	879445260
385	29	1	879447845
385	42	1	879443252
385	48	5	879441777
385	56	5	879441728
385	79	3	879441853
385	82	1	879446786
387	2	4	886483195
387	24	5	886484522
387	31	3	886483330
387	32	5	886479737
387	39	3	886483049
387	46	3	886484011
387	48	4	886483753
387	52	5	886483497
387	55	3	886479649
388	5	4	886441083
389	4	4	879991352
389	28	4	880165411
389	29	2	880088659
389	38	2	880089076
389	53	2	880089337
389	71	4	880088091
390	100	5	879694123
391	15	4	877399805
391	26	5	877399745
392	8	5	891039049
392	23	5	891038466
392	98	5	891038979
393	2	4	887746206
393	12	5	887745883
393	15	3	887744266
393	21	3	887744765
393	25	2	887744294
393	27	4	889555050
393	31	4	887745912
393	36	3	889731618
393	38	4	889731010
393	41	4	889728736
393	49	4	889729674
393	50	5	887743611
393	54	4	889555050
394	42	4	880887152
394	67	5	881059383
395	64	5	883763958
396	1	4	884646346
397	7	5	885349913
397	56	5	882839517
398	12	3	875658898
398	15	5	875651828
398	31	3	875658967
398	50	5	875652927
399	2	3	882512708
399	8	3	882510165
399	22	3	882342834
399	33	3	882344942
399	42	2	882510250
399	62	3	882348876
401	13	2	891033204
401	26	3	891033395
401	50	1	891034050
401	65	4	891033250
402	7	4	876267068
405	11	4	885545263
405	28	4	885544947
405	30	1	885549544
405	56	4	885544911
405	62	1	885547996
405	72	3	885547268
405	78	2	885549045
405	87	1	885546112
405	88	3	885547360
405	90	4	885547447
405	92	1	885546287
405	96	3	885544881
405	127	5	885545167
405	135	5	885545333
405	169	1	885549192
406	12	4	879445897
406	14	4	879539855
406	24	3	879540026
406	40	3	880131875
406	48	5	879792811
406	50	5	879445897
407	50	4	875045268
407	62	3	876348318
407	68	4	875045269
409	6	4	881109306
409	8	3	881108777
409	22	2	881108077
409	48	2	881108455
412	4	3	879717253
413	7	3	879969614
416	22	5	893212623
416	32	2	888702297
416	41	3	886319177
416	43	1	886318186
416	49	4	893142283
416	51	5	893212895
416	54	5	893212929
417	3	4	879646344
417	11	5	879646938
417	12	4	879647275
417	23	3	879647118
417	29	2	880952218
417	32	2	879647924
422	109	2	875130204
423	15	4	891395573
425	38	3	878738757
425	39	4	878738335
426	182	2	879442702
429	26	3	882386333
429	45	3	882385118
429	64	4	882384744
429	73	3	882387505
429	86	5	882384579
432	50	5	889416012
435	4	4	884132146
435	115	4	884131771
435	141	2	884132898
436	66	5	887770457
437	14	5	880140369
437	86	4	881001715
442	14	1	883389776
445	12	2	890987617
447	68	5	878855819
450	2	4	882474001
450	38	4	882474001
450	58	3	882373464
450	64	4	882373656
452	25	2	875559910
454	87	4	881960296
