1	6	5	887431973
1	10	3	875693118
1	12	5	878542960
1	14	5	874965706
1	17	3	875073198
1	20	4	887431883
1	23	4	875072895
1	24	3	875071713
1	27	2	876892946
1	31	3	875072144
1	33	4	878542699
1	36	2	875073180
1	39	4	8750721731
1	44	5	878543541
1	47	4	875072125
1	49	3	878542478
1	51	4	878543275
1	53	3	876893206
1	54	3	878543308
1	56	4	875072716
1	60	5	875072370
1	61	4	878542420
1	62	3	878542282
1	64	5	875072404
1	65	4	875072125
1	67	3	876893054
1	69	3	875072262
2	6	4	888551922
2	13	4	888551922
2	19	3	888550871
2	50	5	888552084
3	245	1	889237247
3	264	2	889237297
3	272	2	889237055
3	294	2	889237224
3	299	3	889237199
4	50	5	892003526
4	260	4	892004275
5	1	4	875635748
5	2	3	875636053
5	17	4	875636198
5	24	4	879198229
5	40	4	879198109
5	42	5	875636360
5	62	4	875637575
5	69	1	875721555
5	79	3	875635895
5	80	2	875636511
5	89	5	875636033
5	90	3	875636297
5	94	3	878844651
5	98	3	875720691
5	100	5	875635349
5	102	3	875721196
6	14	5	883599249
6	15	3	883599302
6	19	4	883602965
6	23	4	883601365
6	28	2	883603013
6	32	4	883601311
6	56	4	883601277
6	59	5	883601713
6	69	3	883601277
6	70	3	883601427
6	81	4	883602283
6	86	3	883603013
6	87	4	883602174
6	95	2	883602133
6	98	5	883600680
6	100	5	883599176
6	117	2	883599431
6	124	5	883599228
6	125	3	883599670
6	131	5	883602048
7	7	5	891352220
7	8	5	891351328
7	10	4	891352864
7	22	5	891351121
7	28	5	891352341
7	32	4	891350932
7	44	5	891351728
7	53	5	891354689
7	54	3	892132380
7	72	5	891353977
7	78	3	891354165
7	79	4	891352261
7	81	5	891352626
7	82	3	891351471
7	89	5	891351082
7	90	3	891352984
7	92	5	891352010
7	93	5	891351042
7	101	5	891350966
7	106	4	891353892
7	118	2	891353411
7	121	5	891352904
7	126	3	891353254
7	127	5	891351728
7	131	5	891352383
7	133	5	891353192
7	136	5	891351813
7	139	3	891354729
7	142	3	891354090
7	151	4	891352749
7	153	5	891352220
7	154	5	891353124
7	156	5	891351653
7	161	3	891352489
7	162	5	891353444
7	163	4	891353444
7	166	3	891351585
7	168	5	891351509
8	7	3	879362287
8	22	5	879362183
8	50	5	879362124
8	56	5	879362183
8	79	4	879362286
9	6	5	886960055
9	286	5	886960055
10	1	4	877888877
10	4	4	877889130
10	7	4	877892210
10	13	3	877892050
10	16	4	877888877
10	22	5	877888812
10	48	4	877889058
10	56	5	877886598
10	64	4	877886598
10	98	4	877889261
10	99	5	877889130
10	100	5	877891747
10	124	5	877888545
10	127	5	877886661
10	132	5	877893020
10	133	5	877891904
10	135	5	877889004
10	144	4	877892110
11	9	5	891902970
11	12	2	891904194
11	22	4	891904241
11	38	3	891905936
11	40	3	891905279
11	47	4	891904551
11	51	4	891906439
11	90	2	891905298
11	94	3	891905324
11	97	4	891904300
11	100	4	891902718
11	109	3	891903836
11	110	3	891905324
11	111	4	891903862
11	120	2	891903935
12	15	5	879959670
12	28	5	879958969
12	50	4	879959044
12	71	4	879959635
12	82	4	879959610
13	2	3	882397650
13	11	1	882397146
13	14	4	884538727
13	21	3	882399040
13	24	1	882397741
13	25	1	882141686
13	27	3	882397833
13	29	2	882397833
13	40	2	886302815
13	42	4	882141393
13	45	3	882139863
13	48	5	882139863
13	56	5	881515011
13	59	4	882140425
13	61	4	882140552
13	64	5	882140037
13	66	3	882141485
13	71	4	882398654
13	72	4	882141727
13	73	3	882141485
13	88	4	882141485
13	90	3	882141872
13	94	3	882142057
13	97	4	882399357
13	98	4	881515011
13	100	5	882140166
13	109	4	882141306
13	118	4	882397581
13	121	5	882397503
13	124	5	884538663
13	137	5	882139804
13	144	4	882397146
13	147	3	882397502
13	150	5	882140588
13	153	4	882139901
13	154	5	882141335
13	161	5	882397741
13	167	4	882141659
13	168	4	881515193
13	173	2	882139863
13	178	4	882139829
13	180	5	882141248
13	181	5	882140354
13	185	3	881515011
13	186	4	890704999
13	190	4	882397145
13	195	3	881515296
13	196	4	882140552
13	198	3	881515193
13	201	1	882396869
13	208	5	882140624
13	210	3	882140455
14	7	5	876965061
14	9	4	879119260
14	13	4	880929778
14	14	3	879119311
14	15	4	879119390
14	18	3	879119260
14	22	3	890881521
14	23	5	890881216
14	42	4	879119579
14	50	5	890881557
14	56	5	879119579
15	1	1	879455635
15	7	1	879455506
15	9	4	879455635
15	18	1	879455681
15	20	3	879455541
15	25	3	879456204
15	127	2	879455505
15	137	4	879455939
16	7	5	877724066
16	8	5	877722736
16	9	5	877722736
16	22	5	877721071
16	27	2	877726390
16	28	5	877727122
16	31	5	877717956
16	51	4	877726390
16	55	5	877717956
16	56	5	877719863
16	64	5	877720297
16	69	5	877724846
16	70	4	877720118
16	76	5	877719863
17	1	4	885272579
18	1	5	880130802
18	12	5	880129991
18	13	5	880131497
18	14	5	880130431
18	19	3	880130582
18	25	3	880131591
18	26	4	880129731
18	47	3	880131262
18	57	4	880130930
18	58	4	880130613
18	64	5	880132501
18	69	3	880129527
18	70	4	880129668
18	71	4	880131236
18	82	3	880131236
18	86	4	880129731
18	89	3	880130065
18	97	4	880131525
18	99	5	880130829
18	113	5	880129628
18	126	5	880130680
18	131	4	880131004
18	135	3	880130065
19	4	4	885412840
19	153	4	885412840
20	1	3	879667963
20	11	2	879669401
20	69	1	879668979
20	87	5	879669746
21	56	5	874951658
21	98	5	874951657
21	100	5	874951292
21	103	1	874951245
21	106	2	874951447
21	118	1	874951382
21	121	1	874951416
21	129	4	874951382
21	148	1	874951482
21	164	5	874951695
21	184	4	874951797
21	217	3	874951727
21	218	4	874951696
21	219	5	874951797
21	222	2	874951382
21	234	5	874951657
22	29	1	878888228
22	79	4	878887765
22	80	4	878887227
22	96	5	878887680
22	110	1	878887157
22	117	4	878887869
22	118	4	878887983
22	121	3	878887925
22	128	5	878887983
22	153	5	878886423
22	154	4	878886423
23	1	5	874784615
23	13	4	874784497
23	28	3	874786793
23	32	3	874785809
23	50	4	874784440
23	70	2	874786513
23	71	3	874789299
23	83	4	874785926
23	88	3	874787410
23	90	2	874787370
23	98	5	874786016
23	99	4	874786098
24	9	5	875323745
24	25	4	875246258
24	56	4	875323240
24	64	5	875322758
24	100	5	875323637
25	8	4	885852150
25	13	4	885852381
25	25	5	885853415
25	50	5	885852150
25	114	5	885852218
25	127	3	885853030
25	135	3	885852059
26	7	3	891350826
26	9	4	891386369
26	13	3	891373086
26	15	4	891386369
26	25	3	891373727
26	100	5	891386368
26	117	3	891351590
26	125	4	891371676
27	100	5	891543129
27	121	4	891543191
27	246	4	891542897
28	7	5	881961531
28	12	4	881956853
28	50	4	881957090
28	70	4	881961311
28	79	4	881961003
28	89	4	881961104
28	95	3	881956917
28	98	5	881961531
29	98	4	882821942
29	189	4	882821942
29	245	3	882820803
30	7	4	875140648
30	28	4	885941321
30	82	4	875060217
31	79	2	881548082
31	124	4	881548110
32	100	3	883717662
32	117	3	883717555
32	118	3	883717967
33	258	4	891964066
33	292	4	891964244
34	242	5	888601628
34	245	4	888602923
35	242	2	875459166
36	268	2	882157418
36	269	3	882157258
37	11	4	880915838
37	22	5	880915810
37	24	4	880915674
37	55	3	880915942
38	1	5	892430636
38	22	5	892429347
38	28	4	892429399
38	67	4	892434312
38	71	5	892430516
38	79	3	892430309
38	82	5	892429903
38	88	5	892430695
38	94	5	892432030
38	95	5	892430094
38	99	5	892430829
39	258	4	891400280
40	243	2	889041694
40	258	3	889041981
41	1	4	890692860
41	28	4	890687353
41	31	3	890687473
41	69	4	890687145
42	12	4	881107502
42	25	3	881110670
42	28	5	881108187
42	44	3	881108548
42	48	5	881107821
42	63	4	881108873
42	69	4	881107375
42	70	3	881109148
42	72	3	881108229
42	77	5	881108684
42	79	5	881108040
42	82	4	881107449
42	88	5	881108425
42	95	5	881107220
42	96	5	881107178
42	98	4	881106711
42	99	5	881108346
42	102	5	881108873
42	118	4	881105505
43	1	5	875975579
43	5	4	875981421
43	7	4	875975520
43	11	5	875981365
43	14	2	883955745
43	15	5	875975546
43	17	3	883956417
43	26	5	883954901
43	40	3	883956468
43	47	1	883955415
43	49	4	883956387
43	50	4	875975211
43	51	1	883956562
43	52	4	883955224
43	54	3	883956494
43	56	5	875975687
43	63	3	883956353
43	64	5	875981247
43	66	4	875981506
43	71	4	883955675
43	77	3	883955650
44	5	4	878347598
44	9	5	878341196
44	11	3	878347915
44	15	4	878341343
44	21	2	878346789
44	55	4	878347455
44	56	2	878348601
44	82	4	878348885
44	88	2	878348885
44	91	2	878348573
44	95	4	878347569
44	96	4	878347633
44	106	2	878347076
44	118	3	878341197
45	1	5	881013176
45	15	4	881012184
45	21	3	881014193
46	7	4	883616155
46	127	5	883616133
46	151	4	883616218
47	268	4	879439040
48	28	2	879434653
48	50	4	879434723
48	71	3	879434850
48	132	5	879434886
48	170	4	879434886
48	172	5	879434791
49	1	2	888068651
49	3	3	888068877
49	7	4	888067307
49	10	3	888066086
49	11	3	888069458
49	17	2	888068651
49	38	1	888068289
49	39	2	888068194
49	40	1	888069222
49	47	5	888068715
49	49	2	888068990
49	52	2	888066647
49	53	4	888067405
49	55	4	888068057
49	56	5	888067307
49	68	1	888069513
49	70	2	888066614
49	72	2	888069246
49	95	2	888067031
49	100	4	888067307
49	101	3	888067164
50	9	4	877052297
50	123	4	877052958
51	64	4	883498936
52	15	5	882922204
52	93	4	882922357
52	95	4	882922927
52	116	4	882922328
53	24	3	879442538
53	100	5	879442537
54	50	5	880931687
54	106	3	880937882
54	118	4	880937813
54	121	4	880936669
54	127	4	880933834
54	147	5	880935959
54	237	4	880935028
55	56	4	878176397
55	89	5	878176398
56	1	4	892683248
56	7	5	892679439
56	25	4	892911166
56	29	3	892910913
56	31	4	892679259
56	38	2	892683533
56	44	4	892679356
56	51	3	892677186
56	56	5	892676376
56	63	3	892910268
56	64	5	892678482
56	68	3	892910913
56	69	4	892678893
56	70	4	892676996
56	71	4	892683275
56	73	4	892677094
56	77	3	892679333
56	79	4	892676303
56	82	4	892676314
57	7	4	883697105
57	28	4	883698324
57	56	3	883698646
57	79	5	883698495
57	100	5	883698581
57	151	3	883697585
57	173	5	883698408
57	199	5	883698646
57	204	4	883698272
57	222	5	883698581
58	8	4	884304955
58	9	4	884304328
58	13	3	884304503
58	20	1	884304538
58	32	5	884304812
58	42	4	884304936
58	45	5	884305295
58	50	4	884304328
58	61	5	884305271
58	64	5	884305295
58	69	1	884663351
58	89	3	884305220
58	100	5	884304553
58	109	4	884304396
59	7	4	888202941
59	10	4	888203234
59	12	5	888204260
59	13	5	888203415
59	14	5	888203234
59	18	4	888203313
59	23	5	888205300
59	25	4	888203270
59	33	3	888205265
59	39	4	888205033
59	45	5	888204465
59	47	5	888205574
59	48	5	888204502
59	50	5	888205087
59	54	4	888205921
59	65	4	888205265
59	70	3	888204758
59	71	3	888205574
59	77	4	888206254
59	82	5	888205660
59	92	5	888204997
59	95	2	888204758
59	98	5	888204349
59	100	5	888202899
59	101	5	888206605
59	102	2	888205956
59	109	4	888203175
59	118	5	888203234
59	121	4	888203313
59	125	3	888203658
59	126	5	888202899
59	127	5	888204430
59	131	4	888205410
60	13	4	883327539
60	21	3	883327923
60	28	5	883326155
60	47	4	883326399
60	56	4	883326919
60	60	5	883327734
60	61	4	883326652
60	64	4	883325994
60	71	3	883327948
60	77	4	883327040
60	79	4	883326620
60	82	3	883327493
60	88	4	883327684
60	98	4	883326463
60	132	4	883325944
60	138	2	883327287
60	143	3	883327441
61	243	2	892331237
62	3	3	879372325
62	4	4	879374640
62	8	5	879373820
62	12	4	879373613
62	14	4	879372851
62	20	4	879372696
62	21	3	879373460
62	24	4	879372633
62	28	3	879375169
62	33	1	879374785
62	47	4	879375537
62	55	5	879373692
62	59	4	879373821
62	65	4	879374686
62	68	1	879374969
62	78	2	879376612
62	86	2	879374640
62	89	5	879374640
62	96	4	879374835
62	100	4	879372276
62	111	3	879372670
63	6	3	875747439
63	13	4	875747439
63	20	3	875748004
63	50	4	875747292
63	100	5	875747319
63	106	2	875748139
63	109	4	875747731
63	111	3	875747896
63	116	5	875747319
64	1	4	879366214
64	2	3	889737609
64	4	3	889739138
64	7	4	889737542
64	8	4	889737968
64	9	4	889738085
64	12	5	889738085
64	17	3	889739733
64	38	3	889740415
64	52	3	889739625
64	56	5	889737542
64	58	3	889739625
64	62	2	889740654
64	64	4	889737454
64	69	4	889739091
64	70	5	889739158
64	71	3	879365670
64	72	4	889740056
65	7	1	879217290
65	47	2	879216672
65	48	5	879217689
65	56	3	879217816
65	70	1	879216529
65	97	5	879216605
66	1	3	883601324
66	7	3	883601355
66	15	3	883601456
67	1	3	875379445
67	7	5	875379794
67	64	5	875379211
68	7	3	876974096
68	50	5	876973969
68	117	4	876973939
69	9	4	882126086
69	12	5	882145567
69	48	5	882145428
69	56	5	882145428
69	100	5	882072892
70	48	4	884064574
70	50	4	884064188
70	69	4	884065733
70	71	3	884066399
70	82	4	884068075
70	89	4	884150202
70	96	4	884066910
70	109	3	884066514
70	121	3	884148728
70	128	4	884067339
71	50	3	885016784
71	56	5	885016930
71	65	5	885016961
72	12	5	880036664
72	28	4	880036824
72	38	3	880037307
72	45	5	880037853
72	48	4	880036718
72	51	4	880036946
72	54	3	880036854
72	64	5	880036549
72	68	3	880037242
72	70	4	880036691
72	79	4	880037119
72	82	3	880037242
73	7	4	888625956
73	12	5	888624976
73	28	3	888626468
73	48	2	888625785
73	56	4	888626041
73	81	5	888626415
74	9	4	888333458
74	15	4	888333542
74	100	4	888333428
75	100	5	884049875
75	108	4	884050661
75	118	3	884050760
75	121	4	884050450
75	125	3	884050164
75	137	4	884050102
75	147	3	884050134
76	12	3	882606060
76	23	5	875027355
76	59	4	875027981
76	61	4	875028123
76	64	5	875498777
76	89	4	875027507
76	92	4	882606108
77	4	3	884752721
77	23	4	884753173
77	50	4	884732345
77	52	5	884753203
77	69	3	884752997
77	89	5	884733839
78	255	4	879633745
79	6	4	891271901
79	7	5	891272016
79	13	3	891271676
79	50	4	891271545
79	100	5	891271652
80	45	4	887401585
80	50	3	887401533
80	58	4	887401677
81	3	4	876592546
81	7	4	876533545
81	93	3	876533657
81	98	5	876534854
81	118	2	876533764
82	8	4	878769292
82	11	4	878769992
82	13	2	878768615
82	14	4	876311280
82	15	3	876311365
82	25	2	878768435
82	56	3	878769410
82	64	5	878770169
82	69	4	878769948
82	70	4	878769888
82	73	4	878769888
82	103	2	878768665
82	109	1	884714204
82	127	2	878769777
82	135	3	878769629
82	140	3	878769668
83	1	4	880306903
83	22	5	880307724
83	28	4	880308284
83	35	1	886534501
83	43	4	880308690
83	63	4	880327970
83	77	4	880308426
83	78	2	880309089
83	82	5	887665423
83	94	4	880308831
83	95	4	880308453
83	97	4	880308690
83	105	2	891182288
83	106	4	887665549
83	110	4	880309185
84	7	4	883452155
84	12	5	883452874
84	31	4	883453755
84	64	5	883450066
84	121	4	883452307
85	8	4	879454952
85	13	3	879452866
85	25	2	879452769
85	45	3	879455197
85	51	2	879454782
85	53	3	882995643
85	56	4	879453587
85	58	4	879829689
85	70	4	879828328
85	71	4	879456308
85	83	4	886282959
85	86	4	879454189
85	89	4	879454075
85	94	3	882995966
85	95	4	879455114
85	97	2	879829667
85	98	4	879453716
85	108	2	880838201
85	124	5	882813248
85	127	5	879829301
85	133	4	879453876
85	154	4	879828777
85	157	3	879454400
85	160	3	879454075
85	163	3	882813312
86	258	5	879570366
86	286	3	879569555
87	2	4	879876074
87	4	5	879876524
87	7	4	879875735
87	8	5	879876447
87	9	4	879877931
87	25	4	879876811
87	33	3	879876488
87	39	3	879875995
87	40	3	879876917
87	55	4	879875774
87	63	4	879876848
87	64	5	879875649
87	67	4	879877007
87	68	3	879876074
87	70	5	879876448
87	73	3	879877083
87	79	5	879875856
87	82	5	879875774
87	87	4	879877931
88	261	5	891038103
88	301	4	891037618
89	14	4	879441357
89	26	3	879459909
89	83	4	879459884
89	93	2	879441307
89	117	5	879441357
89	121	5	879441657
89	127	5	879441335
90	6	4	891384357
90	9	4	891385787
90	11	4	891384113
90	12	5	891383241
90	14	5	891383987
90	17	4	891384721
90	22	4	891384357
90	25	5	891384789
90	30	5	891385843
90	31	4	891384673
90	33	4	891383600
90	42	4	891384885
90	45	3	891385039
90	79	4	891383912
90	83	5	891383687
90	86	5	891383626
90	96	4	891384754
90	98	5	891383204
90	100	5	891383241
90	131	5	891384066
90	132	5	891384673
90	143	5	891383204
90	148	2	891385787
90	149	3	891384754
90	150	3	891385250
90	155	5	891385040
90	166	4	891383423
91	28	4	891439243
91	64	4	891439243
91	82	5	891439386
91	97	5	891438947
91	99	2	891439386
91	131	2	891439471
91	134	4	891439353
91	161	3	891439353
91	172	4	891439208
92	2	3	875653699
92	11	4	875653363
92	15	3	875640189
92	22	3	875653121
92	24	3	875640448
92	28	3	875653050
92	31	4	875654321
92	32	3	875653363
92	42	4	875653664
92	43	3	875813314
92	46	4	875653867
92	48	4	875653307
92	53	3	875656392
92	62	3	875660468
92	66	3	875812279
92	67	3	875907436
92	73	3	875656474
92	77	3	875654637
92	79	4	875653198
92	81	3	875654929
92	85	3	875812364
92	87	3	876175077
92	88	3	875656349
92	89	5	875652981
92	93	4	886444049
92	94	3	875812876
92	96	4	875656025
92	98	5	875652934
92	101	2	875656624
92	102	2	875813376
92	106	3	875640609
92	109	3	886443351
92	115	3	875654125
92	121	5	875640679
92	123	2	875640251
92	124	4	886440530
93	15	5	888705388
93	125	1	888705416
94	1	4	885870323
94	8	5	885873653
94	9	5	885872684
94	12	4	886008625
94	17	2	891721494
94	23	5	885870284
94	24	4	885873423
94	28	4	885873159
94	31	4	891721286
94	33	3	891721919
94	34	1	891723558
94	38	2	891722482
94	39	3	891721317
94	45	5	886008764
94	50	5	891720996
94	52	5	891721026
94	55	4	885873653
94	58	5	891720540
94	61	5	891720761
94	62	3	891722933
94	63	3	891723908
94	64	5	885870362
94	68	4	891722432
94	70	4	891722511
94	76	4	891720827
94	79	4	885882967
94	82	4	891721777
94	88	3	891721942
94	89	3	885870284
94	92	4	891721142
94	96	3	885872942
94	99	3	891721815
94	100	5	885872942
94	101	2	891720996
94	102	3	891721462
95	1	5	879197329
95	2	2	888955909
95	3	1	879193881
95	7	5	879197329
95	14	5	879197329
95	15	4	879195062
95	24	3	879192542
95	26	3	880571951
95	32	1	888954726
95	33	3	880571704
95	43	2	880572356
95	48	4	879197500
95	64	5	879197685
95	68	4	879196231
95	69	5	879198210
95	79	4	879196231
95	83	5	880573288
95	88	4	880571016
95	90	2	880572166
95	96	4	879196298
95	101	1	879198800
95	111	4	879194012
95	117	4	879193619
95	128	3	879196354
96	1	5	884403574
96	8	5	884403020
96	23	5	884403123
96	50	5	884402977
96	64	5	884403336
97	7	5	884238939
97	28	5	884238778
97	32	5	884239791
97	50	5	884239471
97	79	5	884238817
98	47	4	880498898
98	70	3	880499018
99	3	3	885679237
99	4	5	886519097
99	7	4	885678784
99	11	5	885680138
99	12	5	885680458
99	50	5	885679998
99	56	5	885679833
99	66	3	886519047
99	69	4	885679833
99	79	4	885680138
99	100	5	885678813
99	107	3	885679138
99	111	1	885678886
99	118	2	885679237
100	266	2	891375484
100	268	3	891374982
100	288	2	891374603
100	289	3	891375359
100	292	2	891375146
101	24	4	877136391
101	50	4	877135944
101	109	2	877136360
101	118	3	877136424
101	121	4	877137015
102	5	3	888803002
102	47	2	888803636
102	50	4	888801315
102	62	3	888801812
102	66	3	892992129
102	67	1	892993706
102	70	3	888803537
102	79	2	888801316
102	83	3	888803487
102	89	4	888801315
102	94	2	892993545
102	96	3	888801316
102	98	4	888802939
102	99	2	883748488
102	101	4	883748488
102	102	3	883748488
102	118	3	888801465
102	121	3	888801673
102	144	3	888801360
102	161	2	888801876
103	24	4	880415847
103	50	5	880416864
104	7	3	888465972
104	25	3	888465634
104	100	4	888465166
104	117	2	888465972
104	122	3	888465739
104	147	3	888466002
104	150	5	888465225
104	235	2	888465675
104	245	2	888442404
105	258	5	889214306
106	1	4	881449487
106	8	4	881452405
106	15	3	883876518
106	22	4	881449830
106	45	3	881453290
106	48	3	881453290
106	64	4	881449830
107	258	4	891264466
108	10	5	879879834
108	13	3	879879834
108	14	5	879879720
109	1	4	880563619
109	4	2	880572756
109	5	3	880580637
109	7	4	880563080
109	8	3	880572642
109	9	3	880564607
109	31	4	880577844
109	42	1	880572756
109	58	4	880572950
109	62	3	880578711
109	68	3	880582469
109	69	4	880572561
109	89	4	880573263
109	90	3	880583192
109	91	4	880582384
109	94	4	880579787
109	96	5	880572614
109	97	3	880578711
109	100	4	880563080
109	101	1	880578186
110	11	4	886987922
110	22	4	886987826
110	28	4	886987979
110	38	3	886988574
110	68	2	886988631
110	77	4	886988202
110	79	4	886988480
110	82	4	886988480
110	188	4	886988574
110	195	2	886988480
111	242	4	891679901
111	269	5	891679692
112	286	4	884992484
112	289	5	884992690
112	300	4	884992508
112	302	4	886398509
113	100	4	875935610
113	126	5	875076827
113	242	2	875075887
113	246	5	875076872
114	96	3	881259955
114	100	5	881259927
114	157	2	881260611
114	175	5	881259955
115	8	5	881171982
115	9	5	881171982
115	11	4	881171348
115	12	5	881171982
115	20	3	881171009
115	22	3	881171273
115	32	5	881171348
115	50	5	881172049
116	7	2	876453915
116	65	2	876454052
116	137	2	876454308
116	180	5	886310197
116	185	3	876453519
116	187	5	886310197
116	195	4	876453626
116	199	4	876454174
116	248	3	876452492
116	250	4	876452606
116	255	3	876452524
117	1	4	880126083
117	12	5	881011350
117	15	5	880125887
117	25	4	881009470
117	50	5	880126022
117	56	5	881011807
117	98	4	881012430
117	109	4	880126336
117	117	5	880126461
117	121	4	880126038
118	17	3	875385257
118	22	5	875385136
118	23	5	875384979
118	32	5	875384979
118	134	5	875384916
119	12	3	874781915
119	24	4	886177076
119	40	4	886176993
119	54	4	886176814
119	83	4	886176922
119	86	4	874782068
119	87	5	874781829
119	100	5	874774575
119	105	2	874775849
119	109	5	874775580
119	111	5	886176779
119	117	5	874775535
119	144	4	887038665
119	147	4	886176486
119	154	5	874782022
119	174	4	874781303
120	9	4	889489886
120	25	5	889490370
121	9	5	891390013
121	14	5	891390014
121	57	5	891390014
121	86	5	891388286
121	98	5	891388210
122	46	5	879270567
122	70	5	879270606
122	175	5	879270084
122	187	4	879270424
122	191	5	879270128
123	13	3	879873988
123	22	4	879809943
123	50	3	879873726
123	127	5	879809943
123	132	3	879872672
124	11	5	890287645
124	50	3	890287508
125	1	4	879454699
125	22	5	892836395
125	25	1	879454987
125	28	4	879454385
125	50	5	892836362
125	63	3	892838558
125	64	5	879454139
125	69	4	879454628
125	73	5	892838288
125	80	4	892838865
125	83	4	879454345
125	87	5	892836464
125	88	5	879455184
125	94	5	892839065
125	97	3	879454385
125	98	5	879454345
125	116	4	892838322
125	120	1	892839312
126	243	5	887855342
126	245	3	887854726
126	258	4	887853919
126	260	1	887855173
127	227	4	884364867
127	229	5	884364867
128	1	4	879966919
128	14	5	879967341
128	15	4	879968827
128	48	4	879967767
128	50	4	879967268
128	54	2	879968415
128	56	3	879966785
128	58	3	879968008
128	64	5	879966954
128	65	4	879968512
128	77	3	879968447
128	79	4	879967692
128	83	5	879967691
128	86	5	879966919
128	97	3	879968125
128	98	4	879967047
129	245	2	883245452
129	258	2	883245452
129	268	1	883245452
130	3	5	876250897
130	4	2	875801778
130	12	4	875216340
130	22	5	875217265
130	28	4	875217172
130	33	5	876252087
130	39	4	875801496
130	41	3	875801662
130	44	4	875801662
130	47	3	875801470
130	49	4	875802236
130	50	5	874953665
130	53	3	876251972
130	55	5	875216507
130	56	5	875216283
130	58	2	876251619
130	63	4	876252521
130	66	5	875802173
130	68	5	875216283
130	69	5	875216718
130	71	5	875801695
130	84	4	876252497
130	90	4	875801920
130	94	5	875802058
130	99	5	875216786
130	105	4	876251160
130	109	3	874953794
130	111	5	874953825
130	122	3	876251090
130	125	5	875801963
130	128	4	876251728
130	134	5	875801750
130	143	5	876251922
130	147	4	876250746
130	148	4	876251127
131	1	4	883681384
131	14	5	883681313
131	19	4	883681418
132	124	4	891278996
133	258	5	890588639
134	15	5	891732726
134	258	4	891732122
135	12	4	879857764
135	23	4	879857765
135	33	3	879857930
135	39	3	879857931
135	54	3	879858003
135	77	4	879858003
135	79	3	879857843
136	14	5	882693338
136	19	4	882693529
136	42	3	882848866
137	15	4	881432965
137	50	5	881432937
137	51	1	881433605
137	55	5	881433689
138	26	5	879024232
138	98	5	879024043
138	100	5	879022956
138	111	4	879022890
139	127	5	879538578
140	258	3	879013617
140	268	4	879013684
141	1	3	884584753
141	50	4	884584735
141	106	5	884585195
141	117	4	884584929
141	120	4	884585547
141	125	5	884585642
141	151	2	884585039
141	222	4	884584865
142	28	4	888640404
142	55	2	888640489
143	325	5	888407741
144	19	4	888103929
144	22	5	888105439
144	31	3	888105823
144	32	4	888105287
144	33	5	888105902
144	50	5	888103929
144	62	2	888105902
144	64	5	888105140
144	65	4	888106182
144	66	4	888106078
144	73	3	888105636
144	89	3	888105691
144	91	2	888106106
144	93	1	888104032
144	96	5	888105691
144	105	2	888104767
144	106	3	888104684
144	125	4	888104191
144	129	4	888104234
145	1	3	882181396
145	3	3	875271562
145	5	3	875272196
145	7	5	875270429
145	13	5	875270507
145	15	2	875270655
145	22	5	875273021
145	25	2	875270655
145	38	3	888398747
145	39	4	875271838
145	42	5	882181785
145	44	5	875272132
145	50	5	885557660
145	51	3	875272786
145	56	5	875271896
145	69	5	882181632
145	79	5	875271838
145	100	5	875270458
145	105	2	875271442
145	109	4	875270903
145	120	2	888398563
145	122	1	888398307
145	159	4	875272299
145	172	5	882181632
145	174	5	882181728
145	182	5	885622510
146	262	4	891457714
146	300	3	891457943
147	258	4	885594040
147	269	4	885593812
148	1	4	877019411
148	7	5	877017054
148	70	5	877021271
148	71	5	877019251
148	78	1	877399018
148	98	3	877017714
149	269	5	883512557
149	301	3	883512813
150	1	4	878746441
150	13	4	878746889
150	50	5	878746719
150	93	4	878746889
151	7	4	879524610
151	10	5	879524921
151	12	5	879524368
151	13	3	879542688
151	15	4	879524879
151	25	4	879528496
151	47	3	879528459
151	49	3	879543055
151	51	4	879543055
151	58	4	879524849
151	64	5	879524536
151	65	4	879528729
151	66	4	879524974
151	79	4	879524642
151	83	5	879524611
151	87	4	879524420
151	89	5	879524491
151	91	2	879542796
151	100	3	879524514
151	114	5	879524268
151	121	5	879525054
151	153	3	879524326
151	160	4	879542670
151	162	5	879528779
151	163	4	879542723
151	164	5	879542984
151	169	5	879524268
151	172	5	879524325
152	22	5	882828490
152	25	3	880149045
152	51	4	882476486
152	67	5	882477689
152	80	5	882477572
152	97	5	882475618
152	98	2	882473974
153	22	2	881371140
153	56	5	881371140
154	50	5	879138657
154	89	5	879138910
154	135	5	879139003
154	137	3	879138657
155	286	4	879370860
155	292	3	879371061
156	11	2	888185906
156	12	3	888185853
156	22	3	888186093
157	1	5	874813703
157	3	3	886890734
157	25	3	886890787
157	93	3	886890692
158	1	4	880132443
158	8	5	880134948
158	11	4	880134398
158	24	4	880134261
158	38	4	880134607
158	42	3	880134913
158	50	4	880133306
158	62	5	880134759
158	68	3	880134532
158	72	3	880135118
158	79	4	880134332
158	82	5	880134398
158	85	4	880135118
158	100	5	880132401
159	103	1	880557604
159	111	4	880556981
159	117	5	880486047
159	121	3	880486071
159	127	5	880989744
159	220	5	880557782
159	225	4	880557347
160	1	4	876768025
160	3	3	876770124
160	4	4	876861754
160	7	3	876767822
160	21	1	876769480
160	23	5	876859778
160	24	5	876769689
160	32	5	876859413
160	50	4	876767572
160	56	5	876770222
161	14	4	891171413
161	48	1	891170745
161	56	3	891171257
161	98	4	891171357
162	25	4	877635573
162	42	3	877636675
162	50	5	877635662
162	117	4	877635869
163	56	4	891220097
163	64	4	891220161
164	117	5	889401816
164	118	5	889401852
164	121	5	889402203
164	125	5	889402071
164	148	5	889402203
164	181	5	889401906
165	69	3	879525799
165	91	4	879525756
166	258	4	886397562
166	288	3	886397510
167	48	1	892738277
167	73	2	892738452
167	126	3	892738141
167	133	5	892738453
167	136	4	892738418
167	169	1	892738419
168	7	1	884287559
168	15	5	884287362
168	25	5	884287885
168	100	4	884287362
168	117	5	884287318
168	123	3	884287822
169	127	4	891359354
169	133	4	891359171
170	245	5	884103758
171	245	3	891034801
172	177	4	875537965
172	178	3	875538027
172	183	5	875538864
173	242	5	877556626
173	260	4	877557345
173	268	4	877556626
174	13	3	891551777
174	14	5	886433771
174	21	1	886515209
174	28	5	886434547
174	29	2	886514469
174	40	4	886514985
174	41	1	886515063
174	49	4	886513788
174	56	5	886452583
174	63	4	886514985
174	66	5	886513706
174	67	1	886515130
174	80	1	886515210
174	82	1	886515472
174	94	2	886515062
174	107	5	886434361
175	9	4	877108146
175	31	4	877108051
175	56	2	877107790
176	13	4	886047994
176	50	5	886047879
176	100	5	886047918
176	236	4	886048145
177	1	3	880130699
177	22	4	880130847
177	47	3	880131187
177	56	5	880130618
177	59	4	880130825
177	69	1	880131088
177	79	4	880130758
177	87	4	880130931
177	89	5	880131088
177	100	5	880130600
178	8	4	882826556
178	15	5	882823858
178	16	4	882823905
178	22	5	882826187
178	25	3	888514710
178	28	5	882826806
178	39	2	882827645
178	55	4	882826394
178	58	5	882827134
178	70	4	882827083
178	71	4	882826577
178	73	5	882827985
178	76	3	882827288
178	83	4	882826556
178	89	4	882826514
178	96	4	882826782
178	98	5	882826944
178	99	4	882827574
178	106	2	882824983
178	117	4	882824467
178	121	5	882824291
178	125	4	882824431
178	131	4	882827947
178	134	3	882826983
179	258	5	892151270
179	269	3	892151064
179	272	5	892151202
180	28	3	877355568
180	56	5	877127130
180	67	1	877127591
180	68	5	877127721
180	69	4	877355568
181	1	3	878962392
181	3	2	878963441
181	7	4	878963037
181	9	4	878962675
181	10	2	878962955
181	13	2	878962465
181	14	1	878962392
181	16	1	878962996
181	20	1	878962919
181	21	1	878963381
181	25	5	878962675
181	103	1	878962586
181	112	1	878962955
181	121	4	878962623
181	123	2	878963276
181	124	1	878962550
181	125	3	878962816
181	146	1	878962955
181	147	1	878963168
181	148	2	878963204
181	149	1	878962719
181	150	1	878962465
181	220	4	878962392
181	221	1	878962465
181	225	3	878963038
181	240	1	878963122
181	243	1	878961814
181	251	1	878962052
181	256	1	878962086
181	258	3	878961709
181	260	1	878961623
181	261	1	878961814
181	262	2	878961749
181	264	2	878961624
181	266	1	878961709
181	268	1	878961749
181	269	1	878961511
181	276	2	878962816
181	277	1	878963441
181	278	2	878963440
181	279	1	878962955
181	283	3	878963241
181	284	2	878962996
182	69	5	876435435
182	100	3	885613067
183	54	2	891467546
183	88	3	891466760
183	96	3	891463617
183	159	4	892323452
184	9	5	889907685
184	11	3	889908694
184	13	3	889907839
184	14	4	889907738
184	15	3	889907812
184	22	3	889908985
184	34	2	889913568
184	36	3	889910195
184	47	4	889909640
184	52	4	889910034
184	57	5	889908539
184	58	4	889908984
184	64	4	889909045
184	67	3	889912569
184	69	3	889908694
184	70	4	889908657
184	71	4	889911552
184	72	3	889909988
184	77	3	889910217
184	86	5	889908694
184	88	3	889909551
184	89	4	889908572
184	91	3	889909988
185	15	3	883525255
185	23	4	883524249
185	28	5	883524428
185	86	5	883524428
186	31	4	879023529
186	44	5	879023529
186	53	1	879023882
186	71	5	879024535
186	95	3	879024535
186	100	4	879023115
186	117	5	879023607
186	118	2	879023242
187	28	4	879465597
187	64	5	879465631
187	70	4	879465394
187	86	4	879465478
188	7	5	875073477
188	13	4	875073408
188	38	3	875073828
188	56	4	875071658
188	66	3	875075118
188	69	4	875072009
188	77	4	875072328
188	79	5	875072393
188	88	4	875075300
188	96	5	875073128
189	1	5	893264174
189	9	3	893263994
189	15	2	893264335
189	16	3	893264335
189	20	5	893264466
189	21	2	893264619
189	30	4	893266205
189	31	3	893266027
189	45	3	893265657
189	56	5	893265263
189	60	3	893265773
189	79	3	893265478
189	91	3	893265684
189	96	5	893265971
189	100	4	893263994
190	117	4	891033697
190	118	3	891033906
190	147	4	891033863
190	222	4	891033676
191	86	5	891562417
191	269	3	891562090
191	270	3	891560253
192	127	4	881367456
192	252	1	881368277
192	257	4	881367592
193	2	3	890860198
193	29	3	889126055
193	33	3	889125912
193	56	1	889125572
193	96	1	889124507
193	100	5	889124127
193	111	1	889126375
193	117	4	889125913
193	127	5	890860351
193	147	2	890860290
193	155	4	889126376
193	174	4	889125720
194	1	4	879539127
194	4	4	879521397
194	7	3	879538898
194	12	5	879520916
194	23	4	879522819
194	25	2	879540807
194	26	3	879522240
194	30	3	879524504
194	44	4	879524007
194	51	4	879549793
194	52	4	879525876
194	54	3	879525876
194	56	5	879521936
194	58	4	879522917
194	62	2	879524504
194	64	5	879521936
194	66	3	879527264
194	70	3	879522324
194	71	4	879524291
194	77	3	879527421
194	82	2	879524216
194	83	3	879521254
194	94	3	879528000
194	95	3	879521719
194	98	4	879521329
194	99	3	879524643
194	117	3	879535704
194	124	4	879539229
195	14	4	890985390
195	46	3	891762441
195	55	4	888737417
195	61	3	888737277
195	67	2	874825826
195	99	3	888737277
195	100	5	875771440
195	132	5	875771441
195	154	3	888737525
196	8	5	881251753
196	25	4	881251955
196	67	5	881252017
197	33	2	891409981
197	55	3	891409982
197	62	2	891410039
197	68	2	891410082
197	79	5	891409839
197	89	5	891409798
197	92	1	891410082
197	96	5	891409839
197	127	5	891409839
197	161	4	891410039
197	174	5	891409798
197	176	5	891409798
197	181	5	891409893
198	7	4	884205317
198	11	4	884207392
198	15	3	884205185
198	23	4	884208491
198	24	2	884205385
198	33	3	884209291
198	51	3	884208455
198	58	3	884208173
198	65	2	884208241
198	79	3	884208518
198	82	3	884209451
198	95	3	884207612
198	97	3	884207112
198	100	1	884207325
198	118	2	884206513
199	111	3	883783042
199	117	3	883782879
199	221	4	883782854
199	242	5	883782485
200	2	4	884130046
200	7	4	876042451
200	8	4	884128904
200	11	5	884129542
200	15	4	884127745
200	24	2	884127370
200	25	4	876042234
200	29	4	884130540
200	33	4	884129602
200	38	3	884130348
200	45	3	884128372
200	50	5	884128400
200	56	4	884128858
200	72	4	884129542
200	82	5	884129656
200	88	4	884128760
200	96	5	884129409
200	103	2	891825521
200	112	3	884127370
200	121	5	876042268
201	2	2	884112487
201	4	4	884111830
201	8	3	884141438
201	9	3	884113343
201	20	2	884140275
201	23	4	884111830
201	25	3	884114015
201	26	4	884111927
201	27	3	884140891
201	32	3	884140049
201	36	1	884140927
201	37	2	884114635
201	39	1	884112427
201	50	4	884114471
201	51	2	884140751
201	56	5	884111269
201	57	4	884111958
201	61	2	884111986
201	62	1	884310149
201	68	2	884112487
201	69	2	884112901
201	70	3	884112029
201	71	3	884111270
201	77	2	884140788
201	79	4	884112245
201	87	3	884111775
201	89	3	884112245
201	92	3	884112245
201	98	4	884111312
201	99	3	884141438
201	100	4	884111485
201	117	2	884112487
201	123	2	884114233
201	128	2	884111546
202	172	3	879726778
203	1	3	880434384
203	7	3	880434438
203	24	4	880434359
203	50	5	880434810
204	1	2	892513979
204	45	5	892513906
204	172	3	892513819
204	191	4	892513906
205	243	2	888284758
205	258	3	888284313
206	245	1	888179772
206	258	4	888179602
206	260	3	888179772
206	288	5	888179565
206	294	2	888179694
206	302	5	888180227
207	2	3	877822770
207	4	4	876198457
207	8	3	878103820
207	13	3	875506839
207	14	4	875504876
207	25	4	876079113
207	28	4	877822162
207	42	4	877878688
207	53	1	881681725
207	58	3	875991047
207	59	4	877846793
207	65	3	878104594
207	68	2	877125350
207	79	4	875509888
207	87	4	884386260
207	98	4	875509887
207	100	2	875503786
207	107	3	876198301
207	121	3	875504876
208	56	2	883108360
208	70	3	883108430
208	88	5	883108324
208	186	4	883108518
209	50	5	883417589
209	242	4	883589606
209	251	5	883417810
210	25	4	887730407
210	40	3	891035994
210	44	3	887737710
210	49	3	891036116
210	50	5	887731014
210	58	4	887730177
210	65	4	887731305
210	70	4	887730589
210	73	5	891035837
210	88	4	887737603
210	96	4	887736616
210	97	5	887736454
211	69	3	879460213
211	127	4	879461498
211	181	1	879461498
212	179	1	879304010
213	1	2	878870719
213	2	4	878955914
213	8	3	878955564
213	11	4	878956156
213	12	5	878955409
213	13	4	878955139
213	25	4	878870750
213	48	5	878955848
213	50	5	878870456
213	79	5	878956263
213	97	5	878956299
214	7	5	892668130
214	12	5	892668153
214	13	3	891543271
214	20	4	892668197
214	22	3	891544200
214	23	5	892668130
214	32	4	892668249
214	39	4	891544845
214	42	5	892668130
214	45	4	891543952
214	50	3	891543114
214	56	5	892668130
214	79	4	891544306
215	8	2	891436177
215	11	2	891436024
215	22	3	891435161
215	64	4	891435804
215	70	3	891436232
215	82	3	891435995
215	89	4	891435060
215	144	4	891435107
216	4	5	880234469
216	7	5	880232719
216	9	4	880232637
216	12	5	881432544
216	15	3	881428365
216	28	4	880244902
216	55	5	880245145
216	69	5	880235229
216	72	2	881721890
216	93	4	880232637
216	95	3	881428365
217	2	3	889069782
217	7	4	889069741
217	22	5	889069741
217	27	1	889070011
217	38	3	889070266
217	53	1	889069974
217	68	3	889069974
218	4	3	877488546
218	5	3	881288574
218	12	5	881288233
218	33	4	881288386
219	13	1	889452455
219	82	1	889452455
220	268	4	881197771
220	286	5	881197663
221	3	4	875244901
221	4	3	875245462
221	17	4	875245406
221	24	5	875244352
221	32	4	875245223
221	33	4	875246632
221	39	4	875245798
221	48	5	875245462
221	53	4	875247565
221	69	4	875245641
221	70	3	875245870
221	76	4	875246662
222	1	4	877563227
222	2	3	878183837
222	4	3	878183924
222	7	5	877563168
222	8	1	878182307
222	9	5	877563227
222	12	5	878181387
222	15	3	877563437
222	22	5	878183285
222	25	3	877563437
222	26	3	878183043
222	29	3	878184571
222	40	1	881060550
222	49	3	878183512
222	53	5	878184113
222	58	3	878182479
222	62	4	878183616
222	69	5	878182338
222	70	3	878181804
222	71	4	878183173
222	77	4	878183616
222	81	1	878183565
222	82	4	878182453
222	87	3	878182589
222	88	4	878183336
222	92	3	878182632
222	93	2	883815577
222	94	3	878184866
222	96	5	878181739
222	97	4	878181739
222	106	2	883816184
222	111	3	877563820
222	118	4	877563802
222	120	2	881061304
223	1	4	891549324
223	8	2	891550684
223	11	3	891550649
223	22	5	891550649
223	25	1	891549382
223	69	5	891550889
223	111	4	891549792
223	118	2	891549945
223	120	2	891550504
223	143	4	891550845
224	11	3	888082468
224	15	4	888103611
224	20	1	888104487
224	22	5	888103581
224	26	3	888104153
224	29	3	888104457
224	43	3	888104456
224	51	4	888104457
224	69	4	888082495
224	77	4	888103872
224	86	3	888082612
224	135	1	888103671
224	148	3	888104154
224	149	1	888103999
224	162	4	888103611
225	22	5	879540678
225	64	4	879539727
226	7	4	883889479
226	9	5	883889811
226	14	5	883889691
227	7	5	879035251
227	9	3	879035431
227	19	4	879035431
227	25	4	879035535
228	87	1	889388662
228	98	3	889388607
229	258	2	891632040
229	260	1	891632437
229	286	4	891633029
230	7	3	880484476
230	8	5	880484501
230	11	4	880484911
230	50	5	880484755
230	51	4	880484937
230	70	4	880484637
230	96	2	880484683
230	97	5	880484544
230	125	5	880485090
230	138	3	880485197
230	140	3	880484320
231	121	4	879966609
231	126	5	888605273
232	1	4	880062302
232	8	2	888549757
232	14	4	880062574
232	22	3	888549988
232	52	5	888550130
232	56	5	888549622
232	64	4	888549441
232	81	5	888549515
232	91	5	888549515
233	31	3	880610814
233	48	5	877663184
233	56	5	877661776
233	57	5	880190451
233	58	3	880612403
233	69	5	877665324
233	82	4	877663612
233	97	5	877661882
234	1	3	891227689
234	7	2	891227813
234	8	5	892079585
234	10	3	891227851
234	12	1	892333830
234	14	3	891227730
234	15	3	892079538
234	20	4	891227979
234	21	3	892335042
234	32	3	892078936
234	50	4	892079237
234	54	2	892336257
234	70	3	892335587
234	71	3	892334338
234	72	3	892335674
234	73	2	892334368
234	76	2	892335564
234	77	3	892333890
234	79	3	892079910
234	81	3	892334680
234	85	2	892334852
234	87	3	892079336
234	91	5	892335920
234	95	3	892079689
234	96	2	892334141
234	98	4	892078567
234	117	2	892334976
234	132	4	892333865
234	134	5	892333573
234	135	4	892079769
234	136	4	892317967
234	141	3	892334609
234	142	2	892334852
234	147	3	892335372
234	151	3	892334481
234	152	4	892826701
234	157	2	892334400
234	161	3	892335824
234	168	3	892079434
234	170	5	892333798
235	7	4	889655723
235	22	4	889655044
235	52	4	889656168
235	65	2	889655723
235	70	5	889655619
235	79	4	889655468
235	85	4	889655232
235	87	4	889655162
235	100	4	889655550
236	15	5	890116628
236	51	5	890116709
236	57	5	890116575
236	58	2	890118462
236	66	2	890118507
236	69	5	890116426
236	71	3	890116671
236	79	4	890118417
236	111	4	890116939
236	134	4	890116282
237	23	4	879376606
237	28	4	879376435
237	83	4	879376641
237	98	4	879376327
238	111	4	883576603
238	118	3	883576509
238	121	4	883576443
239	8	5	889179290
239	9	5	889180446
239	10	5	889180338
239	47	2	889180169
239	56	4	889179478
239	58	5	889179623
239	79	3	889179544
239	81	3	889179808
239	89	4	889179253
239	96	5	889178798
239	98	5	889180410
239	100	3	889179131
239	114	3	889178616
239	124	5	889178652
240	288	5	885775536
241	292	4	887250084
241	294	3	887250085
242	237	4	879740594
243	13	4	879987362
243	15	3	879987440
243	16	3	879987630
243	28	4	879988215
243	69	3	879988298
243	83	4	879988184
243	93	2	879987173
244	7	4	880602558
244	13	4	880604379
244	17	2	880607205
244	20	4	880604758
244	22	4	880605665
244	31	4	880603484
244	40	2	880608016
244	42	5	880602058
244	51	2	880606923
244	52	4	880606476
244	53	3	880607489
244	54	2	880607335
244	62	2	880607269
244	69	4	880603645
244	72	4	880607365
244	77	4	880603512
244	89	5	880602210
244	90	4	880607684
244	95	4	880606418
244	97	2	880605514
244	100	4	880604252
244	101	5	880603288
244	117	2	880604698
244	122	4	880602804
245	50	4	888513664
246	1	4	884920918
246	3	2	884923390
246	8	3	884921245
246	17	2	884922658
246	29	1	884922740
246	55	4	884921948
246	68	5	884922341
246	80	2	884923329
246	82	2	884921986
246	83	4	884921086
246	94	2	884923505
246	98	4	884921428
246	99	3	884922657
246	100	4	884921033
246	101	2	884922740
246	109	5	884921794
247	1	4	893097024
247	28	5	893097024
248	11	5	884534992
248	55	4	884534793
248	96	4	884534968
248	100	4	884534716
248	114	5	884534901
248	117	5	884535433
248	127	5	884535084
249	9	5	879572402
249	11	5	879640868
249	13	4	879640396
249	22	5	879572926
249	23	4	879572432
249	24	4	879640306
249	28	4	879572106
249	39	4	879572284
249	42	5	879572630
249	55	5	879572331
249	58	5	879572516
249	68	5	879641156
249	79	5	879572777
249	83	5	879640977
250	1	4	883263374
250	2	4	878090414
250	7	4	878089716
250	23	4	878090499
250	44	4	878090199
250	56	4	878090004
250	64	5	878090153
250	69	5	878092059
250	71	5	878090294
250	89	4	878092144
250	92	5	878091818
251	12	4	886271700
251	15	4	886272086
251	50	5	886272086
251	55	3	886271856
251	100	4	886271884
251	109	4	886272547
252	7	4	891455743
252	9	5	891456797
253	50	4	891628518
253	64	5	891628252
253	79	5	891628518
253	83	4	891628159
253	87	5	891628278
253	89	4	891628451
253	95	4	891628416
253	97	4	891628501
254	15	3	886471307
254	35	2	886475755
254	50	5	886471151
254	75	1	886475004
254	90	1	886475406
254	97	5	887346963
254	98	4	886472201
254	99	3	886473254
254	103	2	886476123
254	121	3	886472369
254	125	3	886473158
254	132	4	886472022
254	136	4	886471695
254	140	4	887347350
255	53	3	883216672
255	98	5	883216449
255	185	4	883216449
255	217	2	883216600
255	218	3	883216544
255	234	5	883216448
255	249	5	883216245
256	2	5	882164480
256	4	5	882164525
256	7	4	882151017
256	9	4	882150644
256	12	5	882164696
256	25	5	882150552
256	29	4	882164644
256	49	4	882165238
256	51	4	882165135
256	77	3	882164955
256	86	5	882165103
256	97	4	882165103
256	120	1	882163754
256	121	5	882151123
256	125	5	882150552
256	127	4	882164406
256	161	5	882164559
256	172	3	882164443
257	50	5	882049897
257	59	5	879547440
257	100	5	882049950
257	116	3	879029742
257	130	2	882050236
258	243	3	885701024
258	272	5	885700811
258	288	1	885700919
259	12	5	874809192
259	98	4	874809091
259	108	4	874724882
260	272	3	890618349
260	300	3	890618198
261	117	4	890455974
261	259	4	890454843
261	294	4	890454217
262	11	4	879793597
262	15	3	879962366
262	22	4	879792452
262	28	3	879792220
262	44	2	879794446
262	47	2	879794599
262	50	2	879962366
262	64	5	879793022
262	71	4	879794951
262	77	2	879794829
262	91	3	879792713
262	96	4	879793022
262	98	4	879792331
262	111	4	879962292
262	121	3	879790536
263	22	5	891298107
263	64	5	891298453
263	69	5	891298914
263	79	4	891298047
263	82	4	891299697
263	86	4	891299574
263	95	5	891299324
263	96	4	891298336
263	97	4	891299387
263	99	3	891298977
263	117	3	891299387
263	125	4	891299573
264	4	4	886123656
264	12	5	886122508
264	25	4	886124197
264	33	3	886122644
264	42	5	886123358
264	56	5	886122261
264	70	4	886123596
264	153	5	886122031
264	168	5	886122031
264	175	5	886123472
264	179	5	886122031
265	7	2	875320689
265	15	3	875320574
265	118	4	875320714
266	124	4	892258004
267	3	4	878970901
267	7	5	878970503
267	17	4	878971773
267	22	4	878971816
267	24	5	878972682
267	28	4	878972524
267	50	5	878974783
267	54	3	878973922
267	55	4	878972785
267	67	3	878973088
267	80	4	878973597
267	88	4	878972873
267	94	3	878972558
267	114	5	878971514
267	121	3	878970681
268	1	3	875742341
268	2	2	875744173
268	7	4	876513953
268	16	3	875306691
268	17	3	875743588
268	21	3	875742822
268	31	4	875310311
268	38	1	875744228
268	40	3	875743708
268	42	4	875310384
268	52	3	875309319
268	55	4	875309998
268	62	3	875310824
268	63	1	875743792
268	67	3	875743588
268	68	4	875744173
268	73	3	875743563
268	82	3	875310784
268	83	4	875309344
268	91	3	875310311
268	94	2	875743630
268	97	4	875310031
268	98	4	875309583
268	99	3	875744744
268	101	2	875542174
268	105	2	876513927
268	108	3	875742992
268	114	5	875744966
268	121	2	875743141
269	5	2	891450780
269	7	3	891449055
269	9	4	891446246
269	13	4	891446662
269	15	2	891446348
269	22	1	891448072
269	44	3	891449691
269	47	4	891448386
269	50	3	891448926
269	55	4	891449214
269	63	1	891450857
269	64	4	891447960
269	70	1	891447280
269	72	2	891451470
269	76	3	891448456
269	82	2	891450780
269	93	3	891446580
269	98	4	891448951
269	100	5	891446246
269	106	1	891451947
269	120	1	891446926
269	127	4	891446165
269	131	5	891449728
269	136	4	891449075
269	137	4	891446193
269	139	1	891451492
269	142	1	891451570
269	143	3	891450385
269	152	4	891450623
269	153	3	891449346
269	156	5	891449364
270	13	4	876954192
270	17	2	876956064
270	25	5	876954456
270	53	4	876956106
270	66	4	876955531
270	70	5	876955066
270	77	2	876956038
270	83	4	876954995
270	97	4	876955633
270	98	5	876955868
270	148	4	876954062
270	155	5	876955770
270	156	5	876955899
271	1	3	886106038
271	8	4	885848770
271	11	4	885848408
271	13	4	885847714
271	15	3	885847876
271	22	5	885848518
271	25	3	885847876
271	31	4	885849325
271	38	2	885849648
271	44	4	885849357
271	50	5	885848640
271	52	4	885849470
271	54	3	885849188
271	56	3	885848559
271	58	3	885849325
271	64	5	885848863
271	65	3	885849419
271	70	5	885849164
271	83	4	885848408
271	95	4	885848916
271	111	4	885847956
271	117	3	886106003
271	121	2	885848132
272	8	4	879455015
272	11	4	879455143
272	12	5	879455254
272	22	5	879454753
273	303	4	891293048
273	305	4	891292905
274	1	4	878945466
274	25	5	878945541
274	50	5	878944679
274	83	5	878946612
274	88	4	878946677
274	111	4	878945541
275	28	4	880314529
275	69	3	880314089
275	89	3	875154878
275	95	3	875154535
275	98	4	875155140
275	101	4	875154535
275	102	3	875154718
275	117	3	876197615
275	118	3	876197678
276	2	4	874792436
276	4	4	874791623
276	5	3	874792692
276	8	4	874791623
276	11	5	874787497
276	14	4	890979947
276	22	5	874787496
276	34	2	877934264
276	38	3	874792574
276	40	3	874791871
276	41	3	874792277
276	43	1	874791383
276	46	3	874791145
276	54	3	874791025
276	56	5	874791623
276	57	3	874787526
276	58	4	874791169
276	63	3	874792168
276	64	5	874787441
276	66	3	874791993
276	68	4	874792483
276	69	4	874790996
276	70	4	874790826
276	74	3	884286759
276	76	4	874791506
276	77	3	874795751
276	78	4	877934828
276	81	4	874791101
276	85	3	874791871
276	91	5	882659577
276	94	2	882659602
276	101	4	874977555
276	104	1	874836682
276	117	4	874786568
276	118	3	874786964
276	121	4	874786897
276	124	5	880913800
276	125	4	874786876
276	127	5	874786568
276	135	5	874787441
276	139	4	889174904
276	141	4	874792870
276	142	3	874792945
276	145	3	874792692
276	147	4	874786686
276	154	4	874791747
277	9	4	879543336
277	15	4	879544145
277	24	4	879543931
277	25	4	879543902
277	93	4	879543972
278	22	5	891295360
278	98	4	891295360
279	1	3	875295812
279	4	4	875296461
279	13	3	875249210
279	24	5	875295591
279	25	5	875295736
279	40	4	875306910
279	42	4	875308843
279	50	3	890451347
279	52	3	890780576
279	59	4	875308843
279	63	3	875313350
279	65	1	875306767
279	66	2	882146492
279	67	4	875310419
279	68	4	875307407
279	73	4	875310041
279	79	3	875296461
279	80	4	875313750
279	88	1	882146554
279	89	4	875306910
279	90	3	875314287
279	92	4	890282182
279	96	4	875310606
279	101	3	891209021
279	105	4	875297381
279	108	4	892174381
279	114	5	879572694
279	116	1	888799670
279	117	5	875297199
279	120	1	888427451
279	121	4	875297708
279	122	1	875297433
279	144	4	880850073
279	147	4	875297199
279	154	5	875296291
279	163	5	875313311
279	167	3	875312441
279	168	5	875296435
280	1	4	891700426
280	4	3	891700733
280	5	4	891701066
280	7	4	891700385
280	11	5	891700570
280	38	3	891701832
280	40	5	891701614
280	50	3	891701027
280	53	5	891702544
280	54	2	891701747
280	62	3	891701747
280	69	4	891700242
280	73	3	891700715
280	82	2	891700925
280	86	4	891700475
280	92	3	891700366
280	95	5	891700570
280	96	4	891700664
280	99	2	891700475
280	100	3	891700385
280	102	5	891701328
280	117	5	891700366
281	258	2	881200457
282	258	5	879949367
282	269	4	879949347
283	24	4	879297867
283	42	5	879298333
283	50	5	879297134
283	70	4	879298206
283	83	4	879298239
284	258	4	885329146
284	259	2	885329593
284	269	4	885328991
285	150	5	890595636
285	151	5	890595636
285	168	4	890595900
286	1	4	876521699
286	7	4	875807003
286	11	5	877531975
286	13	2	876521933
286	20	4	876521858
286	25	3	875807003
286	29	2	877533586
286	34	5	877534701
286	44	3	877532173
286	50	4	875806869
286	53	2	877533506
286	55	4	877531574
286	56	2	877531469
286	57	5	877533419
286	66	4	877533586
286	73	5	877532965
286	77	3	877533001
286	83	5	877531975
286	85	5	877533224
286	88	4	877533640
286	89	4	877533381
286	91	4	877532470
286	96	4	877532385
286	99	4	878141681
286	100	3	876521650
286	107	1	875807043
287	1	5	875334088
287	11	5	875335124
287	28	5	875335018
287	39	5	875336652
287	56	5	875334759
287	92	4	875334896
288	12	4	886374130
288	13	5	886892241
288	15	4	886892177
288	50	4	886374520
288	64	5	886374365
288	69	5	886373426
289	1	3	876789736
289	7	4	876789628
290	21	3	880475695
290	22	5	880473942
290	43	3	880475783
290	50	5	880473582
290	54	3	880475218
290	71	5	880473667
290	82	4	880473918
290	88	4	880731963
290	91	2	880474451
290	98	4	880474235
290	105	2	880732753
290	118	4	880731896
290	132	3	880473993
290	133	3	880473735
291	4	4	874835062
291	7	5	874834481
291	15	5	874833668
291	17	4	874834850
291	24	5	874834481
291	28	4	875086920
291	41	4	875086636
291	46	4	874868045
291	48	5	874868027
291	49	4	875086090
291	53	5	874834827
291	54	4	874834963
291	56	5	874834701
291	66	4	875086185
291	70	4	874868146
291	72	4	875086090
291	77	4	874834799
291	80	4	875086354
291	89	3	874835116
291	92	4	874835091
291	99	4	875086887
291	101	4	875087198
291	106	4	874805958
291	118	2	874833878
292	9	4	881104148
292	10	5	881104606
292	11	5	881104093
292	28	4	881105734
292	56	5	881105373
292	79	5	881103434
292	83	5	881104360
292	86	4	881105778
292	100	5	881103999
292	111	4	881104606
292	118	3	881104701
292	124	4	881104147
292	125	2	881104401
293	2	3	888907101
293	5	3	888906576
293	8	3	888905736
293	12	4	888905665
293	16	2	888907499
293	22	3	888905819
293	23	4	888905865
293	27	3	888907753
293	31	2	888906244
293	33	2	888907433
293	36	1	888908041
293	39	3	888906804
293	53	3	888907891
293	54	3	888907210
293	55	4	888906096
293	56	4	888905550
293	64	5	888905519
293	68	3	888906990
293	69	3	888906576
293	71	4	888906905
293	76	3	888906824
293	79	3	888906045
293	82	4	888906402
293	87	4	888907015
293	91	2	888907499
293	92	4	888906071
293	99	3	888906402
293	124	4	888904696
293	125	2	888905086
293	132	4	888905481
293	134	5	888905618
293	135	5	888905550
293	137	3	888904653
293	139	3	888908088
294	7	4	877819563
294	10	3	877819490
294	24	4	877819761
294	79	4	889854323
294	105	3	889242660
294	109	4	877819599
294	118	3	877819941
294	120	2	889242937
294	125	3	877820272
294	127	5	877819265
294	147	4	877819845
294	222	4	877819353
294	245	3	877818982
295	4	4	879518568
295	7	5	879518018
295	25	5	879518042
295	39	4	879518279
295	42	3	879517467
295	47	5	879518166
295	53	1	879519528
295	67	4	879519042
295	68	4	879518960
295	72	4	879518714
295	73	4	879519009
295	82	4	879518126
295	86	5	879966498
295	88	4	879517964
295	94	4	879518339
295	98	5	879517193
295	99	4	879517741
295	102	4	879518339
295	115	5	879517135
296	10	2	884196605
296	14	4	884196665
296	15	3	884196712
296	20	5	884196921
296	22	4	884197068
296	24	2	884196605
296	32	4	884197131
296	45	5	884197419
296	48	5	884197091
296	56	5	884197287
296	83	5	884199624
296	89	5	884197352
296	96	5	884197287
296	98	5	884197091
297	7	4	874954541
297	12	5	875239619
297	20	4	874954763
297	22	4	875238984
297	24	4	874954260
297	25	4	874954497
297	31	3	881708087
297	47	2	875240090
297	50	5	874954541
297	56	5	875239422
297	57	5	875239383
297	70	5	875239619
297	73	2	875239691
297	79	3	875239125
297	86	5	875238883
297	89	4	875239125
297	95	3	875238814
297	97	5	875239871
297	98	5	875238579
298	8	5	884182748
298	28	4	884182725
298	69	4	884125058
298	71	5	884183016
298	91	2	884182932
298	98	4	884127720
298	99	3	884127249
298	144	4	884182838
298	151	3	884183952
299	13	4	877877965
299	14	4	877877775
299	17	1	889503374
299	24	3	877877732
299	26	4	878192601
299	32	3	877881169
299	50	4	877877775
299	52	4	877880962
299	56	4	877880350
299	59	5	877880394
299	67	2	889503740
299	70	3	877881320
299	71	3	878192238
299	73	2	889503265
299	86	4	889502050
299	95	3	889501654
299	100	3	877877600
299	101	2	889501721
299	111	3	877878184
299	115	3	877880474
299	127	5	877877434
299	134	4	878192311
299	135	4	878191889
299	136	4	878192078
299	137	4	877877535
300	100	3	875650267
301	1	4	882074345
301	2	2	882076587
301	7	4	882074236
301	8	4	882076494
301	9	3	882074291
301	11	4	882076291
301	22	4	882075859
301	25	3	882075110
301	31	3	882076463
301	33	4	882078228
301	53	1	882078883
301	54	3	882076587
301	56	4	882076587
301	58	4	882077285
301	66	4	882077330
301	67	2	882078621
301	77	3	882076751
301	79	5	882076403
301	88	4	882077142
301	89	2	882076046
301	95	5	882076334
301	96	5	882076239
301	98	4	882075827
301	99	4	882078419
302	245	2	879436911
302	258	3	879436739
303	9	5	879466830
303	15	3	879467607
303	24	3	879468047
303	26	4	879468307
303	31	3	879467361
303	38	1	879484981
303	42	5	879467223
303	43	3	879485507
303	44	4	879484480
303	49	2	879483901
303	55	4	879467328
303	62	2	879484159
303	65	4	879467436
303	67	5	879485401
303	68	4	879467361
303	69	5	879467542
303	79	5	879466891
303	80	4	879484563
303	87	3	879466421
303	91	5	879483480
303	94	3	879485318
303	96	5	879466830
303	99	4	879467514
303	118	2	879485623
303	120	2	879544099
303	122	4	879485066
303	125	2	879467638
303	129	5	879468547
303	134	5	879467959
303	139	3	879543209
303	141	3	879483900
303	145	1	879543573
303	152	4	879468274
303	153	5	879466421
303	158	3	879543959
303	159	3	879484695
303	160	4	879468375
303	161	5	879468547
303	164	4	879466830
303	167	3	879468307
303	172	5	879467413
304	237	5	884968415
304	259	1	884967253
305	7	4	886323937
305	11	1	886323237
305	14	4	886322893
305	15	1	886322796
305	50	5	886321799
305	52	2	886323506
305	56	1	886323068
305	61	4	886323378
305	71	3	886323684
305	76	1	886323506
305	79	3	886324276
305	81	3	886323335
305	83	3	886323464
305	87	1	886323153
305	98	4	886322560
305	100	3	886323648
305	117	2	886324028
305	129	3	886323006
305	131	3	886323440
306	13	4	876504442
306	14	5	876503995
306	25	3	876504354
307	21	4	876433101
307	22	3	879205470
307	24	4	876176161
307	71	5	879283169
307	81	5	879283091
307	82	4	875645340
307	89	5	879283786
307	91	4	879283514
307	94	3	877122695
307	100	3	879206424
307	101	3	888095824
308	1	4	887736532
308	4	5	887737890
308	5	4	887739608
308	12	5	887737243
308	25	4	887740649
308	28	3	887737036
308	44	4	887740451
308	45	4	887736843
308	54	2	887740254
308	55	3	887738760
308	58	3	887736459
308	59	4	887737647
308	60	3	887737760
308	64	4	887737383
308	70	4	887737244
308	72	4	887740451
308	74	4	887740184
308	79	4	887737593
308	81	5	887737293
308	85	4	887741245
308	87	4	887737760
308	89	5	887738057
308	91	4	887737536
308	95	4	887737130
308	98	3	887737334
308	100	5	887736797
308	107	4	887741150
308	109	3	887738894
308	116	4	887737594
308	124	4	887737647
308	127	4	887737243
308	129	5	887736925
308	133	3	887738225
308	144	3	887737956
308	147	3	887739831
309	242	4	877370319
310	14	5	879436268
310	24	4	879436242
310	116	5	879436104
311	1	4	884963202
311	5	3	884365853
311	9	4	884963365
311	15	5	884963136
311	22	4	884364538
311	28	5	884365140
311	38	3	884365954
311	41	3	884366439
311	43	4	884366227
311	44	3	884365168
311	50	5	884365075
311	58	3	884364570
311	62	3	884365929
311	68	1	884365824
311	70	4	884364999
311	71	4	884364845
311	73	4	884366187
311	82	5	884364436
311	83	5	884364812
311	86	5	884365252
311	89	5	884364845
311	94	3	884366187
311	98	5	884364502
311	99	5	884365075
311	117	4	884366852
311	118	3	884963203
311	125	4	884963179
311	132	4	884365548
311	134	5	884364502
312	4	3	891698832
312	8	5	891699263
312	28	4	891698300
312	52	5	891699399
312	57	5	891699599
312	96	5	891699040
312	98	4	891698300
312	100	4	891698613
312	114	5	891698793
312	121	3	891698174
312	131	5	891699702
312	132	5	891699121
312	133	5	891699296
312	134	5	891698764
312	136	5	891698613
312	144	1	891698987
312	151	2	891698832
312	153	2	891699491
313	22	3	891014870
313	29	2	891028472
313	31	4	891015486
313	44	3	891015049
313	56	2	891014313
313	64	4	891016193
313	65	2	891016962
313	66	1	891015049
313	67	1	891029117
313	69	5	891016193
313	71	4	891030144
313	73	5	891015012
313	96	5	891015144
313	97	4	891016193
313	98	4	891014444
313	99	4	891014029
313	100	5	891013681
313	114	4	891013554
313	117	4	891015319
313	131	4	891015513
313	132	5	891013589
314	5	4	877889724
314	7	4	877886375
314	9	4	877886375
314	24	1	877886221
314	28	5	877888346
314	29	5	877889234
314	42	5	877888610
314	54	4	877888892
314	64	5	877888346
314	68	4	877891637
314	71	5	877888527
314	73	4	877889205
314	88	5	877888007
314	90	2	877888758
314	94	4	877891386
314	95	5	877888168
314	105	4	877887292
314	111	4	877886641
314	120	3	877887094
314	122	1	877887065
314	126	2	877886971
315	8	3	879820961
315	12	5	879821194
315	13	4	879821158
315	17	1	879821003
315	31	3	879821300
315	46	4	879799526
315	48	4	879799457
315	55	5	879821267
316	9	4	880853774
316	14	4	880853881
316	19	5	880854539
316	22	4	880853849
316	50	1	880853654
316	64	4	880853953
317	245	4	891446575
317	268	3	891446371
318	12	4	884495795
318	15	5	884470944
318	47	2	884496855
318	49	3	884497257
318	50	2	884495696
318	63	3	884496932
318	64	4	884495590
318	66	4	884495921
318	69	5	884496572
318	72	4	884498540
318	88	4	884496367
318	105	1	884495164
318	127	5	884470970
318	137	4	884494652
318	138	4	884498115
319	267	4	875707690
320	1	3	884748604
320	3	4	884748978
320	4	3	884749306
320	7	4	884748708
320	11	4	884749255
320	22	5	884749452
320	33	4	884749385
320	38	4	884751288
320	42	4	884751712
320	50	4	884749227
320	54	4	884751209
320	62	4	884749306
320	68	5	884749327
320	77	3	884751246
320	90	4	884751034
321	8	4	879440451
321	14	3	879438825
321	20	3	879440160
321	30	4	879439658
321	50	4	879438793
321	56	4	879438651
321	89	3	879440716
321	100	4	879438882
321	124	3	879438857
321	131	4	879439883
322	1	2	887314119
322	12	4	887313946
322	32	5	887314417
322	50	5	887314418
323	7	2	878739355
323	9	4	878739325
323	15	3	878739393
323	22	5	878739743
323	56	5	878739771
323	79	4	878739829
323	100	4	878739177
323	117	3	878739355
323	127	5	878739137
324	9	5	880575449
324	127	4	880575658
324	258	4	880575107
325	47	3	891478712
325	86	3	891478578
325	95	2	891478895
325	98	4	891478079
325	99	5	891479244
325	100	4	891478504
325	107	2	891479102
325	109	2	891478528
325	127	5	891478480
325	133	3	891478333
325	135	5	891478006
325	143	1	891479017
325	152	4	891477905
326	22	4	879874989
326	48	3	879875533
326	50	5	879875112
326	54	3	879876300
326	67	2	879877284
326	69	2	879874964
326	79	4	879875203
326	82	3	879876861
326	86	2	879875644
326	88	2	879877235
326	98	5	879875112
326	132	4	879875398
326	134	3	879875797
326	141	3	879876235
327	9	5	887819860
327	13	2	887746665
327	14	4	887744167
327	25	2	887746728
327	32	4	887747266
327	50	3	887745574
327	64	2	887745699
327	81	4	887818904
327	82	2	887820448
327	89	4	887744167
327	90	3	887819194
327	93	4	887744432
327	96	2	887822530
327	127	4	887747338
327	133	4	887745662
327	143	4	888251408
327	144	4	887820293
327	153	4	887818596
327	169	2	887744205
327	173	4	887747337
327	179	2	887820493
328	4	3	885047895
328	7	4	885046079
328	9	4	885045993
328	10	4	885047099
328	22	5	885045805
328	31	4	886036884
328	43	3	886038224
328	55	4	885046655
328	76	3	885046580
328	79	4	885047194
328	82	4	885046537
328	85	1	886038183
328	98	4	885045899
328	100	5	885046305
328	132	5	885046420
328	144	4	885045740
328	148	3	885048638
328	157	5	885046344
328	162	4	885048004
328	164	3	885047484
328	183	5	885045805
328	185	4	885045899
329	12	4	891656178
329	79	4	891656391
329	81	2	891656300
329	98	4	891656300
329	100	4	891655812
330	8	5	876546236
330	11	4	876546561
330	22	5	876545532
330	38	4	876546948
330	44	5	876546920
330	47	5	876546409
330	50	5	876544366
330	51	5	876546753
330	58	5	876546132
330	66	5	876547533
330	70	4	876546470
330	71	5	876546236
331	7	4	877196633
331	11	2	877196702
331	47	5	877196235
331	58	3	877196567
331	59	5	877196383
331	64	4	877196504
332	5	5	888360370
332	7	4	887916547
332	22	5	887938934
332	44	3	888360342
332	53	3	888360438
332	54	4	888360396
332	82	5	888098524
332	95	5	888360060
332	97	5	888359903
332	98	5	888359903
332	120	4	887938818
332	127	5	887916653
332	144	5	887939092
333	66	5	891045515
333	79	3	891045496
334	4	3	891548345
334	7	5	891544788
334	8	4	891547171
334	22	4	891545821
334	52	4	891548579
334	59	5	891546000
334	69	1	891548032
334	70	3	891546299
334	72	3	891549192
334	77	3	891549247
334	86	4	891548295
334	93	4	891545020
334	100	5	891544707
334	117	3	891544735
334	132	3	891546231
334	135	4	891545793
334	153	4	891547306
334	160	4	891547190
334	168	5	891546914
334	170	3	891546181
334	173	4	891628228
334	182	3	891545793
334	183	4	891545950
335	245	4	891567053
336	13	3	877756890
336	49	4	877758001
336	66	3	877756126
336	67	4	877756966
336	108	3	877757320
336	117	3	877760603
336	124	1	877760244
336	153	5	877757669
336	154	5	877757637
337	106	2	875184682
337	121	5	875185664
338	56	3	879438535
338	79	4	879438715
338	100	4	879438196
338	132	2	879438143
338	133	4	879438143
338	134	5	879438536
339	1	5	891032349
339	11	4	891032379
339	12	5	891032659
339	23	5	891033481
339	25	4	891035116
339	28	4	891032542
339	30	3	891032765
339	32	5	891032255
339	42	4	891033452
339	47	4	891032701
339	55	3	891032765
339	58	3	891032379
339	65	4	891033452
339	67	3	891035147
339	73	3	891035003
339	76	3	891034254
339	82	4	891035850
339	97	4	891034626
339	98	4	891032150
340	1	5	884990988
340	71	5	884990891
340	172	4	884990620
341	288	4	890757686
342	4	4	874984395
342	13	3	874984480
342	23	5	874984154
342	25	2	875318328
342	32	5	874984207
342	56	5	874984315
342	58	5	875319912
342	92	4	875320227
342	95	4	875320297
342	100	5	874984207
342	108	4	874984574
342	122	4	875318783
342	129	5	874984684
342	132	5	875319129
343	8	5	876404836
343	12	5	876405735
343	20	5	876408138
343	25	2	876402814
343	38	3	876406257
343	44	3	876406640
343	47	4	876405130
343	48	3	876405697
343	52	5	876404793
343	55	3	876405129
343	62	2	876406707
343	69	5	876405735
343	76	4	876407565
343	82	5	876405735
343	88	4	876405130
343	97	4	876405893
344	5	3	884901533
344	9	5	884814480
344	12	5	884901024
344	25	4	884814480
344	39	3	884901290
344	45	5	884901210
344	58	3	884814697
344	79	4	884900993
344	87	4	889814195
344	97	3	884901156
344	106	2	884900583
344	111	4	884899767
344	119	5	884814457
344	125	3	884899741
344	148	2	884900248
344	172	4	884814697
345	1	3	884990938
345	13	4	884991220
345	15	4	884991220
345	25	3	884991384
345	26	3	884993555
345	33	4	884993069
345	48	5	884902317
345	49	3	884993505
345	51	5	884993744
345	64	5	884902317
345	71	3	884992922
345	77	3	884993555
345	88	4	884992940
345	93	4	884991191
345	98	5	884916235
345	100	5	884902317
345	121	3	884991384
345	126	5	884991105
345	132	5	884901371
346	4	4	874948105
346	17	1	874950839
346	31	4	874950383
346	33	5	875261753
346	53	1	875263501
346	62	3	875263634
346	72	3	874951714
346	76	4	874950135
346	83	4	874949923
346	94	3	875263845
346	121	4	874948703
347	7	4	881652590
347	12	3	881653584
347	22	5	881654005
347	25	2	881652684
347	55	5	881653603
347	56	5	881653736
347	65	2	881654679
347	69	5	881653687
347	73	2	881654773
347	79	5	881653890
347	82	5	881654269
347	85	5	881654880
347	87	3	881653830
347	96	4	881653775
347	98	5	881654359
348	1	4	886523078
348	15	4	886523330
348	100	4	886523207
348	147	5	886523361
348	240	3	886523839
349	9	4	879465477
349	105	2	879466283
350	1	4	882345734
350	153	3	882347466
350	174	5	882346720
351	286	5	879481386
351	292	4	879481550
352	4	3	884290328
352	7	3	884290549
354	47	4	891217110
354	52	5	891217547
354	57	5	891217575
354	58	3	891218356
354	61	5	891218091
354	70	3	891218208
354	79	2	891217274
354	86	5	891218312
354	87	3	891217482
354	124	5	891216632
354	131	3	891217811
354	133	3	891217547
354	134	4	891217298
354	136	5	891217717
354	149	5	891216498
354	152	3	891306974
355	300	4	879486529
356	272	5	891405651
357	7	3	878951537
357	118	5	878951691
357	125	5	878951784
357	222	5	878951498
358	59	4	891269617
359	1	4	886453214
359	24	3	886453354
360	13	3	880354315
360	14	5	880354149
360	28	4	880355678
360	79	4	880355485
360	116	3	880354275
360	127	5	880354149
361	12	4	879441214
361	14	4	879440651
361	26	3	879440941
361	88	4	879440974
361	97	4	879440740
361	100	5	879440386
361	111	3	879440974
361	148	1	879441324
362	258	4	885019435
363	2	4	891495809
363	5	1	891497047
363	9	3	891494628
363	37	2	891498510
363	55	5	891495682
363	62	2	891497639
363	66	4	891496849
363	71	3	891495301
363	81	4	891496616
363	82	3	891497047
363	87	3	891496306
363	91	4	891495238
363	93	4	891495339
363	96	5	891494835
363	97	2	891496513
363	101	1	891496953
363	102	4	891498681
363	114	5	891494688
363	128	5	891495371
363	134	2	891494725
364	269	4	875931309
365	7	2	891304213
365	13	3	891303950
365	15	3	891304152
365	25	4	891303950
366	7	2	888857598
366	56	5	888857750
366	164	5	888857932
367	17	5	876689991
367	56	5	876689932
367	100	5	876689878
367	200	4	876689962
368	17	5	889783562
368	50	4	889783678
369	114	5	889428642
370	12	4	879435369
370	22	4	879434832
370	42	3	879435462
371	24	4	877487500
371	55	4	877487364
372	12	4	876869730
372	77	5	876869794
372	148	5	876869915
372	159	5	876869894
373	2	4	877100416
373	15	4	877098568
373	20	2	877098751
373	25	4	877100016
373	28	3	877103935
373	31	3	877100199
373	58	4	877100161
373	68	5	877106741
373	81	2	877100326
373	82	1	877099317
373	89	5	877098821
373	94	2	877111313
373	97	3	877099178
373	100	3	877100199
373	102	5	877100096
374	1	4	880392992
374	7	1	880393268
374	9	1	880393056
374	28	5	880395698
374	29	3	880939127
374	87	5	880395320
374	111	2	880393268
374	116	1	880393307
374	121	4	880393095
374	122	2	882158328
374	124	3	880392873
374	125	5	880393424
374	126	3	880393223
374	127	4	880392936
374	129	5	880392846
374	147	3	880392747
375	39	3	886622024
375	44	3	886622131
376	14	4	879454914
377	56	4	891298407
377	100	3	891298589
378	4	3	880045612
378	8	4	880045722
378	9	5	880044419
378	10	3	880044454
378	12	5	880046132
378	29	3	880332949
378	48	5	880056701
378	50	4	880045145
378	52	5	880056491
378	54	4	880056976
378	63	3	880333719
378	65	3	880046132
378	66	3	880056632
378	73	3	880056667
378	88	4	880046408
378	100	4	880044198
378	110	3	880333027
378	121	4	880044763
378	123	3	880044532
378	133	5	889665232
378	141	3	880055565
378	148	4	880044944
379	2	3	880525540
379	4	5	880525598
379	8	5	880525194
379	23	4	880524783
379	50	4	880525400
379	52	4	880741002
379	54	2	880526100
379	69	4	880524754
379	82	4	880525540
379	83	4	880525002
379	90	2	880740215
379	98	5	880524541
380	1	4	885478218
380	22	4	885478334
380	59	4	885478447
380	62	1	885479777
380	64	3	885481179
380	69	4	885479301
380	114	3	885478539
380	118	2	885480301
380	132	4	885479186
381	13	4	892696445
381	30	4	892697174
381	49	2	892696328
381	50	5	892696252
381	77	2	892696367
381	83	4	892695996
381	97	4	892696960
382	9	4	875946830
382	25	2	875945880
382	98	3	875946563
382	127	3	875945781
383	9	5	891192801
383	14	5	891192836
383	19	4	891192911
384	272	5	891273509
385	4	2	879445260
385	29	1	879447845
385	42	1	879443252
385	48	5	879441777
385	56	5	879441728
385	79	3	879441853
385	82	1	879446786
385	87	3	879441942
385	99	2	879443186
385	114	5	879441942
385	128	5	879442235
385	129	3	881467873
385	153	4	879442028
385	156	4	881308434
385	168	3	879442109
386	7	3	877655028
387	2	4	886483195
387	24	5	886484522
387	31	3	886483330
387	32	5	886479737
387	39	3	886483049
387	46	3	886484011
387	48	4	886483753
387	52	5	886483497
387	55	3	886479649
387	56	5	886479649
387	58	4	886484065
387	69	3	886480413
387	71	2	886483620
387	81	3	886483906
387	82	4	886483098
387	83	4	886480244
387	116	3	886480206
387	133	2	886480483
388	5	4	886441083
388	56	3	886441015
389	4	4	879991352
389	28	4	880165411
389	29	2	880088659
389	38	2	880089076
389	53	2	880089337
389	71	4	880088091
389	98	4	879991264
389	100	5	879915701
389	109	3	879915745
389	111	3	879916053
389	124	4	879916053
389	136	4	880087671
389	142	3	880088878
390	100	5	879694123
390	124	4	879694232
391	15	4	877399805
391	26	5	877399745
391	47	4	877399301
391	56	5	877399745
391	97	4	877399301
392	8	5	891039049
392	23	5	891038466
392	98	5	891038979
392	129	4	891038945
392	165	5	891038433
392	166	5	891038466
393	2	4	887746206
393	12	5	887745883
393	15	3	887744266
393	21	3	887744765
393	25	2	887744294
393	27	4	889555050
393	31	4	887745912
393	36	3	889731618
393	38	4	889731010
393	41	4	889728736
393	49	4	889729674
393	50	5	887743611
393	54	4	889555050
393	55	4	889727862
393	62	4	889728895
393	67	3	889730088
393	70	3	889555251
393	71	3	889554977
393	83	4	887746523
393	88	3	889730066
393	94	4	889731465
393	100	1	887744053
393	110	2	889730117
393	123	4	887744328
393	126	4	887743647
393	128	3	887746145
394	42	4	880887152
394	67	5	881059383
394	88	3	880889400
394	97	4	880888223
395	64	5	883763958
395	121	3	883765731
396	1	4	884646346
396	106	4	884646537
396	148	4	884646436
397	7	5	885349913
397	56	5	882839517
397	108	4	885350045
397	117	3	885349610
398	12	3	875658898
398	15	5	875651828
398	31	3	875658967
398	50	5	875652927
398	58	4	875717106
398	64	4	875660439
398	65	3	875743739
398	69	5	875659191
399	2	3	882512708
399	8	3	882510165
399	22	3	882342834
399	33	3	882344942
399	42	2	882510250
399	62	3	882348876
399	71	3	882351580
399	73	3	882343731
399	94	5	882349022
399	114	4	882341974
399	127	2	882346585
399	128	3	882343293
399	148	4	882341362
400	259	3	885676490
401	13	2	891033204
401	26	3	891033395
401	50	1	891034050
401	65	4	891033250
401	70	4	891033625
401	100	4	891032170
401	111	4	891032296
401	117	3	891032563
402	7	4	876267068
402	16	3	876267096
404	269	4	883790750
405	11	4	885545263
405	28	4	885544947
405	30	1	885549544
405	56	4	885544911
405	62	1	885547996
405	72	3	885547268
405	78	2	885549045
405	87	1	885546112
405	88	3	885547360
405	90	4	885547447
405	92	1	885546287
405	96	3	885544881
405	127	5	885545167
405	135	5	885545333
405	169	1	885549192
405	171	1	885549544
405	172	5	885545111
405	178	3	885544947
405	186	5	885547176
405	188	1	885547996
405	190	2	885546201
405	192	5	885545401
405	206	1	885549589
405	210	5	885547124
405	214	4	885545235
405	216	2	885547124
405	217	1	885548385
405	228	1	885547910
405	230	2	885547953
405	232	4	885547314
405	318	5	885545167
406	12	4	879445897
406	14	4	879539855
406	24	3	879540026
406	40	3	880131875
406	48	5	879792811
406	50	5	879445897
406	58	4	879446718
406	79	3	882480481
406	85	2	880131875
406	99	5	879793081
406	156	5	879446062
406	164	5	882480748
406	181	5	879445859
407	50	4	875045268
407	62	3	876348318
407	68	4	875045269
407	82	3	876341409
407	117	3	875550223
407	147	4	887833034
407	157	2	875046752
409	6	4	881109306
409	8	3	881108777
409	22	2	881108077
409	48	2	881108455
409	50	5	881107281
409	59	5	881108455
409	65	4	881108777
409	87	3	881108777
409	99	3	881107750
410	286	4	888627138
411	168	5	892845604
412	4	3	879717253
412	28	4	879716962
413	7	3	879969614
413	124	5	879969734
416	22	5	893212623
416	32	2	888702297
416	41	3	886319177
416	43	1	886318186
416	49	4	893142283
416	51	5	893212895
416	54	5	893212929
416	56	5	893212929
416	64	5	893212929
416	69	4	876699027
416	71	4	876699994
416	92	3	878880244
416	107	5	893212929
416	117	5	893212930
416	125	5	893213796
417	3	4	879646344
417	11	5	879646938
417	12	4	879647275
417	23	3	879647118
417	29	2	880952218
417	32	2	879647924
417	42	4	879647498
417	47	3	879648004
417	64	5	879647326
417	67	4	880952837
417	83	5	879648132
417	98	5	879647040
418	269	5	891282765
421	124	4	892241344
422	109	2	875130204
422	126	4	875129911
422	184	4	879744085
423	15	4	891395573
423	237	4	891395448
425	38	3	878738757
425	39	4	878738335
425	56	5	878737945
425	83	2	891986445
425	172	5	878738385
426	182	2	879442702
426	211	4	879444320
427	300	4	879700908
428	307	4	885944110
429	26	3	882386333
429	45	3	882385118
429	64	4	882384744
429	73	3	882387505
429	86	5	882384579
429	97	4	882386171
429	109	3	882385034
429	127	4	882384603
429	133	3	882385663
429	144	4	882387773
432	50	5	889416012
432	111	4	889416456
435	4	4	884132146
435	115	4	884131771
435	141	2	884132898
435	160	5	884133194
435	173	5	884131085
435	185	4	884131741
436	66	5	887770457
436	73	4	887769444
436	132	1	887769824
437	14	5	880140369
437	86	4	881001715
437	118	2	880142991
437	165	4	881002324
437	173	4	881001023
442	14	1	883389776
442	29	3	883390641
442	31	3	883391249
445	12	2	890987617
445	123	1	891200137
447	68	5	878855819
447	69	4	878856209
449	137	5	879958866
450	2	4	882474001
450	38	4	882474001
450	58	3	882373464
450	64	4	882373656
450	97	4	882396351
450	100	4	882374059
450	142	5	887835352
450	143	5	882394364
450	144	5	882373865
451	269	2	879012647
452	25	2	875559910
452	134	3	875265446
453	98	4	877554396
454	87	4	881960296
454	161	4	888267198
455	135	5	879111248
457	182	4	882396659
