1	137
2	22
3	26
4	10
5	84
6	101
7	190
8	29
9	10
10	90
11	76
12	26
13	263
14	57
15	44
16	71
17	9
18	118
19	10
20	22
21	84
22	58
23	63
24	27
25	37
26	41
27	15
28	40
29	17
30	18
31	13
32	19
33	10
34	10
35	8
36	11
37	20
38	58
39	9
40	13
41	21
42	95
43	109
44	71
45	19
46	16
47	9
48	33
49	108
50	11
51	7
52	21
53	12
54	35
55	11
56	95
57	52
58	74
59	167
60	89
61	9
62	109
63	45
64	91
65	32
66	17
67	18
68	16
69	27
70	54
71	16
72	64
73	32
74	18
75	35
76	37
77	33
78	7
79	28
80	15
81	28
82	82
83	77
84	25
85	129
86	12
87	98
88	10
89	36
90	136
91	48
92	184
93	11
94	179
95	121
96	28
97	28
98	11
99	73
100	25
101	29
102	104
103	14
104	48
105	7
106	36
107	9
108	16
109	100
110	51
111	12
112	22
113	20
114	21
115	43
116	55
117	50
118	29
119	83
120	12
121	28
122	27
123	25
124	10
125	92
126	22
127	12
128	82
129	15
130	175
131	15
132	5
133	8
134	13
135	35
136	15
137	23
138	24
139	9
140	11
141	42
142	13
143	5
144	98
145	131
146	10
147	10
148	32
149	11
150	22
151	141
152	36
153	10
154	24
155	11
156	19
157	24
158	74
159	38
160	54
161	24
162	22
163	10
164	30
165	12
166	10
167	31
168	34
169	14
170	7
171	9
172	18
173	16
174	81
175	15
176	21
177	52
178	120
179	19
180	29
181	217
182	14
183	23
184	118
185	24
186	44
187	22
188	54
189	78
190	23
191	17
192	15
193	60
194	143
195	47
196	18
197	66
198	75
199	21
200	104
201	171
202	7
203	21
204	23
205	12
206	31
207	97
208	22
209	17
210	62
211	16
212	8
213	59
214	65
215	43
216	58
217	39
218	20
219	12
220	12
221	63
222	174
223	53
224	77
225	12
226	19
227	22
228	14
229	15
230	58
231	11
232	46
233	42
234	202
235	47
236	54
237	21
238	15
239	73
240	9
241	11
242	9
243	36
244	121
245	9
246	84
247	11
248	35
249	72
250	57
251	33
252	10
253	41
254	74
255	37
256	92
257	26
258	15
259	19
260	12
261	17
262	78
263	63
264	57
265	19
266	7
267	79
268	149
269	156
270	66
271	117
272	20
273	10
274	32
275	47
276	232
277	26
278	11
279	192
280	111
281	9
282	12
283	25
284	19
285	16
286	130
287	34
288	32
289	14
290	71
291	123
292	68
293	173
294	66
295	96
296	73
297	99
298	49
299	126
300	8
301	124
302	11
303	208
304	13
305	97
306	17
307	58
308	179
309	9
310	17
311	146
312	93
313	109
314	105
315	42
316	31
317	10
318	78
319	7
320	75
321	53
322	24
323	45
324	15
325	66
326	74
327	109
328	114
329	28
330	62
331	30
332	67
333	12
334	115
335	9
336	45
337	13
338	34
339	96
340	17
341	9
342	73
343	80
344	81
345	98
346	59
347	78
348	27
349	13
350	15
351	14
352	13
353	4
354	81
355	6
356	9
357	24
358	8
359	13
360	33
361	43
362	7
363	102
364	6
365	20
366	16
367	23
368	13
369	5
370	19
371	12
372	22
373	77
374	80
375	12
376	8
377	13
378	111
379	60
380	46
381	38
382	20
383	19
384	6
385	79
386	5
387	94
388	10
389	69
390	11
391	26
392	30
393	133
394	24
395	11
396	15
397	22
398	42
399	69
400	5
401	40
402	14
403	3
404	8
405	155
406	68
407	38
408	4
409	48
410	5
411	8
412	14
413	10
414	3
415	3
416	76
417	62
418	5
419	3
420	4
421	7
422	17
423	13
424	4
425	26
426	14
427	7
428	7
429	50
430	4
431	3
432	11
433	4
434	3
435	32
436	19
437	25
438	4
439	3
440	3
442	19
444	3
445	13
446	1
447	12
448	3
449	8
450	46
451	7
452	10
453	7
454	11
455	5
456	4
457	8
458	3
459	1
460	1
462	1
